chemin, class, classe_LOC, classe_CLOC, classe_DC, WMC, classe_BC
/home/celia/jfreechart/CSVWriter.java,CSVWriter.java,57,26,0.45614034,3,0.15204678
/home/celia/jfreechart/LOCMetrics.java,LOCMetrics.java,85,33,0.3882353,13,0.029864253
/home/celia/jfreechart/experimental/org/jfree/experimental/chart/renderer/xy/XYSmoothLineAndShapeRenderer.java,XYSmoothLineAndShapeRenderer.java,264,113,0.4280303,12,0.035669193
/home/celia/jfreechart/experimental/org/jfree/experimental/chart/plot/CombinedXYPlot.java,CombinedXYPlot.java,122,74,0.60655737,9,0.06739526
/home/celia/jfreechart/experimental/org/jfree/experimental/chart/plot/CombinedCategoryPlot.java,CombinedCategoryPlot.java,122,74,0.60655737,9,0.06739526
/home/celia/jfreechart/experimental/org/jfree/experimental/chart/demo/CombinedXYPlotDemo1.java,CombinedXYPlotDemo1.java,240,83,0.34583333,8,0.043229166
/home/celia/jfreechart/experimental/org/jfree/experimental/chart/demo/CombinedCategoryPlotDemo1.java,CombinedCategoryPlotDemo1.java,196,72,0.36734694,6,0.06122449
/home/celia/jfreechart/source/org/jfree/data/xy/MatrixSeriesCollection.java,MatrixSeriesCollection.java,292,188,0.6438356,26,0.024762908
/home/celia/jfreechart/source/org/jfree/data/xy/XIntervalSeries.java,XIntervalSeries.java,145,111,0.76551723,7,0.10935961
/home/celia/jfreechart/source/org/jfree/data/xy/XYBarDataset.java,XYBarDataset.java,353,248,0.7025496,29,0.024225848
/home/celia/jfreechart/source/org/jfree/data/xy/XisSymbolic.java,XisSymbolic.java,73,67,0.91780823,1,0.91780823
/home/celia/jfreechart/source/org/jfree/data/xy/IntervalXYDelegate.java,IntervalXYDelegate.java,448,273,0.609375,41,0.014862805
/home/celia/jfreechart/source/org/jfree/data/xy/DefaultOHLCDataset.java,DefaultOHLCDataset.java,312,202,0.6474359,29,0.022325376
/home/celia/jfreechart/source/org/jfree/data/xy/YIntervalSeriesCollection.java,YIntervalSeriesCollection.java,327,215,0.65749234,28,0.02348187
/home/celia/jfreechart/source/org/jfree/data/xy/DefaultXYZDataset.java,DefaultXYZDataset.java,405,255,0.6296296,33,0.019079685
/home/celia/jfreechart/source/org/jfree/data/xy/XYRangeInfo.java,XYRangeInfo.java,63,56,0.8888889,1,0.8888889
/home/celia/jfreechart/source/org/jfree/data/xy/DefaultWindDataset.java,DefaultWindDataset.java,397,223,0.56171286,40,0.014042822
/home/celia/jfreechart/source/org/jfree/data/xy/XYIntervalSeries.java,XYIntervalSeries.java,178,135,0.75842696,8,0.09480337
/home/celia/jfreechart/source/org/jfree/data/xy/OHLCDataset.java,OHLCDataset.java,149,136,0.9127517,1,0.9127517
/home/celia/jfreechart/source/org/jfree/data/xy/XYDomainInfo.java,XYDomainInfo.java,62,55,0.88709676,1,0.88709676
/home/celia/jfreechart/source/org/jfree/data/xy/DefaultTableXYDataset.java,DefaultTableXYDataset.java,604,316,0.5231788,70,0.007473983
/home/celia/jfreechart/source/org/jfree/data/xy/IntervalXYDataset.java,IntervalXYDataset.java,144,133,0.9236111,1,0.9236111
/home/celia/jfreechart/source/org/jfree/data/xy/DefaultHighLowDataset.java,DefaultHighLowDataset.java,397,259,0.6523929,35,0.018639797
/home/celia/jfreechart/source/org/jfree/data/xy/XIntervalSeriesCollection.java,XIntervalSeriesCollection.java,329,213,0.6474164,28,0.023122014
/home/celia/jfreechart/source/org/jfree/data/xy/CategoryTableXYDataset.java,CategoryTableXYDataset.java,381,255,0.6692913,33,0.020281555
/home/celia/jfreechart/source/org/jfree/data/xy/XYCoordinate.java,XYCoordinate.java,158,92,0.5822785,15,0.038818564
/home/celia/jfreechart/source/org/jfree/data/xy/XYDataItem.java,XYDataItem.java,246,151,0.61382115,22,0.027900962
/home/celia/jfreechart/source/org/jfree/data/xy/AbstractXYDataset.java,AbstractXYDataset.java,92,67,0.7282609,5,0.14565217
/home/celia/jfreechart/source/org/jfree/data/xy/OHLCDataItem.java,OHLCDataItem.java,190,114,0.6,17,0.03529412
/home/celia/jfreechart/source/org/jfree/data/xy/Vector.java,Vector.java,133,88,0.6616541,11,0.060150374
/home/celia/jfreechart/source/org/jfree/data/xy/XYSeriesCollection.java,XYSeriesCollection.java,697,352,0.5050215,81,0.0062348335
/home/celia/jfreechart/source/org/jfree/data/xy/XYZDataset.java,XYZDataset.java,67,62,0.92537314,1,0.92537314
/home/celia/jfreechart/source/org/jfree/data/xy/YInterval.java,YInterval.java,117,79,0.6752137,10,0.06752137
/home/celia/jfreechart/source/org/jfree/data/xy/XYDatasetTableModel.java,XYDatasetTableModel.java,234,169,0.7222222,17,0.042483658
/home/celia/jfreechart/source/org/jfree/data/xy/MatrixSeries.java,MatrixSeries.java,208,136,0.65384614,20,0.032692306
/home/celia/jfreechart/source/org/jfree/data/xy/YIntervalSeries.java,YIntervalSeries.java,147,113,0.76870745,7,0.10981535
/home/celia/jfreechart/source/org/jfree/data/xy/NormalizedMatrixSeries.java,NormalizedMatrixSeries.java,133,103,0.7744361,6,0.12907268
/home/celia/jfreechart/source/org/jfree/data/xy/YisSymbolic.java,YisSymbolic.java,74,68,0.9189189,1,0.9189189
/home/celia/jfreechart/source/org/jfree/data/xy/AbstractIntervalXYDataset.java,AbstractIntervalXYDataset.java,118,82,0.69491524,8,0.086864404
/home/celia/jfreechart/source/org/jfree/data/xy/VectorDataItem.java,VectorDataItem.java,117,81,0.6923077,8,0.086538464
/home/celia/jfreechart/source/org/jfree/data/xy/YIntervalDataItem.java,YIntervalDataItem.java,109,72,0.6605505,8,0.08256881
/home/celia/jfreechart/source/org/jfree/data/xy/WindDataset.java,WindDataset.java,72,67,0.9305556,1,0.9305556
/home/celia/jfreechart/source/org/jfree/data/xy/DefaultXYDataset.java,DefaultXYDataset.java,353,219,0.6203966,30,0.020679887
/home/celia/jfreechart/source/org/jfree/data/xy/XYIntervalSeriesCollection.java,XYIntervalSeriesCollection.java,354,233,0.6581921,31,0.021232003
/home/celia/jfreechart/source/org/jfree/data/xy/XYInterval.java,XYInterval.java,148,94,0.6351351,13,0.04885655
/home/celia/jfreechart/source/org/jfree/data/xy/DefaultIntervalXYDataset.java,DefaultIntervalXYDataset.java,524,340,0.648855,38,0.01707513
/home/celia/jfreechart/source/org/jfree/data/xy/VectorXYDataset.java,VectorXYDataset.java,83,77,0.92771083,1,0.92771083
/home/celia/jfreechart/source/org/jfree/data/xy/XIntervalDataItem.java,XIntervalDataItem.java,109,72,0.6605505,8,0.08256881
/home/celia/jfreechart/source/org/jfree/data/xy/XYSeries.java,XYSeries.java,940,521,0.5542553,95,0.0058342665
/home/celia/jfreechart/source/org/jfree/data/xy/VectorSeries.java,VectorSeries.java,158,118,0.7468355,8,0.093354434
/home/celia/jfreechart/source/org/jfree/data/xy/YWithXInterval.java,YWithXInterval.java,121,83,0.6859504,10,0.06859504
/home/celia/jfreechart/source/org/jfree/data/xy/VectorSeriesCollection.java,VectorSeriesCollection.java,302,195,0.6456954,26,0.024834437
/home/celia/jfreechart/source/org/jfree/data/xy/XYIntervalDataItem.java,XYIntervalDataItem.java,140,84,0.6,11,0.05454546
/home/celia/jfreechart/source/org/jfree/data/xy/TableXYDataset.java,TableXYDataset.java,57,53,0.9298246,1,0.9298246
/home/celia/jfreechart/source/org/jfree/data/xy/IntervalXYZDataset.java,IntervalXYZDataset.java,100,91,0.91,1,0.91
/home/celia/jfreechart/source/org/jfree/data/xy/XYDataset.java,XYDataset.java,119,108,0.90756303,1,0.90756303
/home/celia/jfreechart/source/org/jfree/data/xy/AbstractXYZDataset.java,AbstractXYZDataset.java,64,52,0.8125,2,0.40625
/home/celia/jfreechart/source/org/jfree/data/KeyedValues.java,KeyedValues.java,98,90,0.9183673,1,0.9183673
/home/celia/jfreechart/source/org/jfree/data/ComparableObjectSeries.java,ComparableObjectSeries.java,418,220,0.5263158,47,0.011198209
/home/celia/jfreechart/source/org/jfree/data/jdbc/JDBCPieDataset.java,JDBCPieDataset.java,227,122,0.53744495,11,0.04885863
/home/celia/jfreechart/source/org/jfree/data/jdbc/JDBCXYDataset.java,JDBCXYDataset.java,533,270,0.5065666,42,0.012061109
/home/celia/jfreechart/source/org/jfree/data/jdbc/JDBCCategoryDataset.java,JDBCCategoryDataset.java,293,154,0.5255973,16,0.03284983
/home/celia/jfreechart/source/org/jfree/data/RangeType.java,RangeType.java,124,82,0.66129035,9,0.0734767
/home/celia/jfreechart/source/org/jfree/data/KeyedValueComparatorType.java,KeyedValueComparatorType.java,101,73,0.7227723,7,0.103253186
/home/celia/jfreechart/source/org/jfree/data/gantt/XYTaskDataset.java,XYTaskDataset.java,422,248,0.5876777,43,0.013666924
/home/celia/jfreechart/source/org/jfree/data/gantt/TaskSeries.java,TaskSeries.java,183,115,0.6284153,17,0.036965605
/home/celia/jfreechart/source/org/jfree/data/gantt/GanttCategoryDataset.java,GanttCategoryDataset.java,168,151,0.89880955,1,0.89880955
/home/celia/jfreechart/source/org/jfree/data/gantt/SlidingGanttCategoryDataset.java,SlidingGanttCategoryDataset.java,570,337,0.59122807,49,0.012065879
/home/celia/jfreechart/source/org/jfree/data/gantt/TaskSeriesCollection.java,TaskSeriesCollection.java,627,333,0.53110045,65,0.008170776
/home/celia/jfreechart/source/org/jfree/data/gantt/Task.java,Task.java,231,141,0.6103896,24,0.0254329
/home/celia/jfreechart/source/org/jfree/data/DataUtilities.java,DataUtilities.java,283,141,0.49823323,38,0.0131114
/home/celia/jfreechart/source/org/jfree/data/DomainOrder.java,DomainOrder.java,123,81,0.6585366,9,0.07317074
/home/celia/jfreechart/source/org/jfree/data/KeyToGroupMap.java,KeyToGroupMap.java,303,135,0.44554454,36,0.012376238
/home/celia/jfreechart/source/org/jfree/data/general/DatasetChangeListener.java,DatasetChangeListener.java,57,52,0.9122807,1,0.9122807
/home/celia/jfreechart/source/org/jfree/data/general/SeriesException.java,SeriesException.java,58,51,0.87931037,1,0.87931037
/home/celia/jfreechart/source/org/jfree/data/general/Dataset.java,Dataset.java,86,79,0.9186047,1,0.9186047
/home/celia/jfreechart/source/org/jfree/data/general/DefaultHeatMapDataset.java,DefaultHeatMapDataset.java,294,174,0.59183675,31,0.019091507
/home/celia/jfreechart/source/org/jfree/data/general/KeyedValueDataset.java,KeyedValueDataset.java,47,43,0.9148936,1,0.9148936
/home/celia/jfreechart/source/org/jfree/data/general/DatasetGroup.java,DatasetGroup.java,109,75,0.6880734,9,0.0764526
/home/celia/jfreechart/source/org/jfree/data/general/WaferMapDataset.java,WaferMapDataset.java,280,174,0.62142855,29,0.02142857
/home/celia/jfreechart/source/org/jfree/data/general/PieDataset.java,PieDataset.java,55,51,0.92727274,1,0.92727274
/home/celia/jfreechart/source/org/jfree/data/general/DatasetChangeEvent.java,DatasetChangeEvent.java,80,69,0.8625,2,0.43125
/home/celia/jfreechart/source/org/jfree/data/general/KeyedValuesDataset.java,KeyedValuesDataset.java,47,44,0.9361702,1,0.9361702
/home/celia/jfreechart/source/org/jfree/data/general/SeriesDataset.java,SeriesDataset.java,83,72,0.8674699,1,0.8674699
/home/celia/jfreechart/source/org/jfree/data/general/Series.java,Series.java,381,244,0.64041996,29,0.022083446
/home/celia/jfreechart/source/org/jfree/data/general/DefaultKeyedValues2DDataset.java,DefaultKeyedValues2DDataset.java,54,49,0.9074074,1,0.9074074
/home/celia/jfreechart/source/org/jfree/data/general/CombinationDataset.java,CombinationDataset.java,68,63,0.9264706,1,0.9264706
/home/celia/jfreechart/source/org/jfree/data/general/HeatMapUtilities.java,HeatMapUtilities.java,126,73,0.5793651,6,0.09656084
/home/celia/jfreechart/source/org/jfree/data/general/SeriesChangeEvent.java,SeriesChangeEvent.java,58,50,0.86206895,1,0.86206895
/home/celia/jfreechart/source/org/jfree/data/general/DefaultKeyedValuesDataset.java,DefaultKeyedValuesDataset.java,51,48,0.9411765,1,0.9411765
/home/celia/jfreechart/source/org/jfree/data/general/DefaultValueDataset.java,DefaultValueDataset.java,125,87,0.696,9,0.07733333
/home/celia/jfreechart/source/org/jfree/data/general/DefaultKeyedValueDataset.java,DefaultKeyedValueDataset.java,176,104,0.59090906,19,0.031100476
/home/celia/jfreechart/source/org/jfree/data/general/ValueDataset.java,ValueDataset.java,47,43,0.9148936,1,0.9148936
/home/celia/jfreechart/source/org/jfree/data/general/DatasetUtilities.java,DatasetUtilities.java,2199,810,0.36834925,287,0.0012834469
/home/celia/jfreechart/source/org/jfree/data/general/HeatMapDataset.java,HeatMapDataset.java,141,128,0.9078014,1,0.9078014
/home/celia/jfreechart/source/org/jfree/data/general/DefaultPieDataset.java,DefaultPieDataset.java,338,215,0.6360947,32,0.019877959
/home/celia/jfreechart/source/org/jfree/data/general/AbstractSeriesDataset.java,AbstractSeriesDataset.java,103,81,0.78640777,5,0.15728155
/home/celia/jfreechart/source/org/jfree/data/general/KeyedValues2DDataset.java,KeyedValues2DDataset.java,50,46,0.92,1,0.92
/home/celia/jfreechart/source/org/jfree/data/general/SubSeriesDataset.java,SubSeriesDataset.java,411,280,0.68126523,32,0.021289539
/home/celia/jfreechart/source/org/jfree/data/general/AbstractDataset.java,AbstractDataset.java,234,168,0.71794873,14,0.051282052
/home/celia/jfreechart/source/org/jfree/data/general/SeriesChangeListener.java,SeriesChangeListener.java,54,49,0.9074074,1,0.9074074
/home/celia/jfreechart/source/org/jfree/data/general/CombinedDataset.java,CombinedDataset.java,579,348,0.60103625,53,0.011340307
/home/celia/jfreechart/source/org/jfree/data/DomainInfo.java,DomainInfo.java,82,76,0.9268293,1,0.9268293
/home/celia/jfreechart/source/org/jfree/data/DefaultKeyedValues2D.java,DefaultKeyedValues2D.java,532,276,0.518797,59,0.008793169
/home/celia/jfreechart/source/org/jfree/data/xml/KeyHandler.java,KeyHandler.java,138,90,0.65217394,7,0.09316771
/home/celia/jfreechart/source/org/jfree/data/xml/CategoryDatasetHandler.java,CategoryDatasetHandler.java,123,78,0.63414633,5,0.12682927
/home/celia/jfreechart/source/org/jfree/data/xml/ValueHandler.java,ValueHandler.java,144,89,0.6180556,8,0.07725695
/home/celia/jfreechart/source/org/jfree/data/xml/DatasetReader.java,DatasetReader.java,137,78,0.5693431,1,0.5693431
/home/celia/jfreechart/source/org/jfree/data/xml/ItemHandler.java,ItemHandler.java,149,91,0.6107383,7,0.087248325
/home/celia/jfreechart/source/org/jfree/data/xml/CategorySeriesHandler.java,CategorySeriesHandler.java,134,80,0.5970149,6,0.09950248
/home/celia/jfreechart/source/org/jfree/data/xml/PieDatasetHandler.java,PieDatasetHandler.java,119,77,0.64705884,5,0.12941177
/home/celia/jfreechart/source/org/jfree/data/xml/DatasetTags.java,DatasetTags.java,57,51,0.8947368,1,0.8947368
/home/celia/jfreechart/source/org/jfree/data/xml/RootHandler.java,RootHandler.java,113,76,0.67256635,9,0.07472959
/home/celia/jfreechart/source/org/jfree/data/function/PowerFunction2D.java,PowerFunction2D.java,124,86,0.6935484,9,0.07706093
/home/celia/jfreechart/source/org/jfree/data/function/Function2D.java,Function2D.java,54,50,0.9259259,1,0.9259259
/home/celia/jfreechart/source/org/jfree/data/function/PolynomialFunction2D.java,PolynomialFunction2D.java,120,85,0.7083333,9,0.0787037
/home/celia/jfreechart/source/org/jfree/data/function/LineFunction2D.java,LineFunction2D.java,124,86,0.6935484,9,0.07706093
/home/celia/jfreechart/source/org/jfree/data/function/NormalDistributionFunction2D.java,NormalDistributionFunction2D.java,135,90,0.6666667,10,0.06666667
/home/celia/jfreechart/source/org/jfree/data/ComparableObjectItem.java,ComparableObjectItem.java,169,110,0.65088755,14,0.04649197
/home/celia/jfreechart/source/org/jfree/data/KeyedObjects2D.java,KeyedObjects2D.java,483,228,0.47204968,60,0.007867495
/home/celia/jfreechart/source/org/jfree/data/DefaultKeyedValues.java,DefaultKeyedValues.java,429,233,0.54312354,45,0.0120694125
/home/celia/jfreechart/source/org/jfree/data/KeyedObjects.java,KeyedObjects.java,329,174,0.52887535,38,0.013917772
/home/celia/jfreechart/source/org/jfree/data/RangeInfo.java,RangeInfo.java,82,76,0.9268293,1,0.9268293
/home/celia/jfreechart/source/org/jfree/data/DefaultKeyedValue.java,DefaultKeyedValue.java,159,106,0.6666667,13,0.051282052
/home/celia/jfreechart/source/org/jfree/data/io/CSV.java,CSV.java,186,96,0.516129,15,0.034408603
/home/celia/jfreechart/source/org/jfree/data/KeyedValueComparator.java,KeyedValueComparator.java,159,75,0.4716981,12,0.039308175
/home/celia/jfreechart/source/org/jfree/data/resources/DataPackageResources_de.java,DataPackageResources_de.java,61,54,0.8852459,2,0.44262296
/home/celia/jfreechart/source/org/jfree/data/resources/DataPackageResources_ru.java,DataPackageResources_ru.java,58,51,0.87931037,2,0.43965518
/home/celia/jfreechart/source/org/jfree/data/resources/DataPackageResources_fr.java,DataPackageResources_fr.java,60,53,0.8833333,2,0.44166666
/home/celia/jfreechart/source/org/jfree/data/resources/DataPackageResources_pl.java,DataPackageResources_pl.java,62,55,0.88709676,2,0.44354838
/home/celia/jfreechart/source/org/jfree/data/resources/DataPackageResources_es.java,DataPackageResources_es.java,61,54,0.8852459,2,0.44262296
/home/celia/jfreechart/source/org/jfree/data/resources/DataPackageResources.java,DataPackageResources.java,61,54,0.8852459,2,0.44262296
/home/celia/jfreechart/source/org/jfree/data/contour/DefaultContourDataset.java,DefaultContourDataset.java,468,260,0.5555556,50,0.011111111
/home/celia/jfreechart/source/org/jfree/data/contour/NonGridContourDataset.java,NonGridContourDataset.java,213,107,0.5023474,17,0.029549848
/home/celia/jfreechart/source/org/jfree/data/contour/ContourDataset.java,ContourDataset.java,117,101,0.8632479,1,0.8632479
/home/celia/jfreechart/source/org/jfree/data/Values.java,Values.java,66,61,0.92424244,1,0.92424244
/home/celia/jfreechart/source/org/jfree/data/KeyedValue.java,KeyedValue.java,55,51,0.92727274,1,0.92727274
/home/celia/jfreechart/source/org/jfree/data/KeyedValues2D.java,KeyedValues2D.java,107,96,0.89719623,1,0.89719623
/home/celia/jfreechart/source/org/jfree/data/Range.java,Range.java,418,234,0.5598086,44,0.012722923
/home/celia/jfreechart/source/org/jfree/data/Value.java,Value.java,52,48,0.9230769,1,0.9230769
/home/celia/jfreechart/source/org/jfree/data/KeyedObject.java,KeyedObject.java,131,87,0.66412216,11,0.06037474
/home/celia/jfreechart/source/org/jfree/data/time/TimePeriodFormatException.java,TimePeriodFormatException.java,54,48,0.8888889,1,0.8888889
/home/celia/jfreechart/source/org/jfree/data/time/Week.java,Week.java,590,315,0.5338983,53,0.010073553
/home/celia/jfreechart/source/org/jfree/data/time/TimePeriodValuesCollection.java,TimePeriodValuesCollection.java,448,245,0.546875,42,0.013020833
/home/celia/jfreechart/source/org/jfree/data/time/FixedMillisecond.java,FixedMillisecond.java,259,162,0.6254826,23,0.027194897
/home/celia/jfreechart/source/org/jfree/data/time/TimePeriod.java,TimePeriod.java,63,57,0.9047619,1,0.9047619
/home/celia/jfreechart/source/org/jfree/data/time/RegularTimePeriod.java,RegularTimePeriod.java,325,233,0.71692306,10,0.0716923
/home/celia/jfreechart/source/org/jfree/data/time/Hour.java,Hour.java,451,270,0.59866965,40,0.014966741
/home/celia/jfreechart/source/org/jfree/data/time/TimeSeriesDataItem.java,TimeSeriesDataItem.java,210,143,0.68095237,15,0.045396823
/home/celia/jfreechart/source/org/jfree/data/time/DateRange.java,DateRange.java,154,113,0.73376626,9,0.08152959
/home/celia/jfreechart/source/org/jfree/data/time/Day.java,Day.java,437,268,0.6132723,33,0.01858401
/home/celia/jfreechart/source/org/jfree/data/time/TimePeriodAnchor.java,TimePeriodAnchor.java,126,83,0.65873015,9,0.07319224
/home/celia/jfreechart/source/org/jfree/data/time/TimeSeries.java,TimeSeries.java,1264,653,0.5166139,128,0.004036046
/home/celia/jfreechart/source/org/jfree/data/time/Millisecond.java,Millisecond.java,399,233,0.5839599,32,0.018248746
/home/celia/jfreechart/source/org/jfree/data/time/ohlc/OHLCSeries.java,OHLCSeries.java,114,84,0.7368421,6,0.12280702
/home/celia/jfreechart/source/org/jfree/data/time/ohlc/OHLCItem.java,OHLCItem.java,134,83,0.619403,10,0.0619403
/home/celia/jfreechart/source/org/jfree/data/time/ohlc/OHLC.java,OHLC.java,147,92,0.6258503,13,0.048142333
/home/celia/jfreechart/source/org/jfree/data/time/ohlc/OHLCSeriesCollection.java,OHLCSeriesCollection.java,446,277,0.6210762,41,0.015148201
/home/celia/jfreechart/source/org/jfree/data/time/MovingAverage.java,MovingAverage.java,314,140,0.44585988,30,0.014861996
/home/celia/jfreechart/source/org/jfree/data/time/TimePeriodValue.java,TimePeriodValue.java,173,113,0.65317917,14,0.046655655
/home/celia/jfreechart/source/org/jfree/data/time/TimePeriodValues.java,TimePeriodValues.java,515,268,0.52038836,51,0.010203693
/home/celia/jfreechart/source/org/jfree/data/time/SimpleTimePeriod.java,SimpleTimePeriod.java,206,122,0.592233,17,0.034837235
/home/celia/jfreechart/source/org/jfree/data/time/Quarter.java,Quarter.java,437,262,0.5995423,36,0.016653953
/home/celia/jfreechart/source/org/jfree/data/time/TimeSeriesCollection.java,TimeSeriesCollection.java,714,398,0.557423,66,0.008445803
/home/celia/jfreechart/source/org/jfree/data/time/TimeSeriesTableModel.java,TimeSeriesTableModel.java,239,122,0.51046026,25,0.020418411
/home/celia/jfreechart/source/org/jfree/data/time/TimeTableXYDataset.java,TimeTableXYDataset.java,556,351,0.63129497,48,0.013151978
/home/celia/jfreechart/source/org/jfree/data/time/Year.java,Year.java,370,245,0.6621622,25,0.026486488
/home/celia/jfreechart/source/org/jfree/data/time/DynamicTimeSeriesCollection.java,DynamicTimeSeriesCollection.java,875,497,0.568,83,0.0068433736
/home/celia/jfreechart/source/org/jfree/data/time/Second.java,Second.java,424,243,0.5731132,36,0.015919812
/home/celia/jfreechart/source/org/jfree/data/time/Month.java,Month.java,504,283,0.56150794,46,0.012206694
/home/celia/jfreechart/source/org/jfree/data/time/Minute.java,Minute.java,455,264,0.5802198,39,0.014877431
/home/celia/jfreechart/source/org/jfree/data/category/DefaultCategoryDataset.java,DefaultCategoryDataset.java,401,264,0.6583541,29,0.022701865
/home/celia/jfreechart/source/org/jfree/data/category/CategoryDataset.java,CategoryDataset.java,64,59,0.921875,1,0.921875
/home/celia/jfreechart/source/org/jfree/data/category/IntervalCategoryDataset.java,IntervalCategoryDataset.java,96,89,0.9270833,1,0.9270833
/home/celia/jfreechart/source/org/jfree/data/category/CategoryToPieDataset.java,CategoryToPieDataset.java,308,161,0.52272725,33,0.01584022
/home/celia/jfreechart/source/org/jfree/data/category/DefaultIntervalCategoryDataset.java,DefaultIntervalCategoryDataset.java,773,396,0.51228976,88,0.0058214744
/home/celia/jfreechart/source/org/jfree/data/category/SlidingCategoryDataset.java,SlidingCategoryDataset.java,323,198,0.6130031,31,0.019774294
/home/celia/jfreechart/source/org/jfree/data/category/CategoryRangeInfo.java,CategoryRangeInfo.java,62,55,0.88709676,1,0.88709676
/home/celia/jfreechart/source/org/jfree/data/Values2D.java,Values2D.java,69,63,0.9130435,1,0.9130435
/home/celia/jfreechart/source/org/jfree/data/UnknownKeyException.java,UnknownKeyException.java,53,47,0.8867925,1,0.8867925
/home/celia/jfreechart/source/org/jfree/data/statistics/HistogramBin.java,HistogramBin.java,144,95,0.6597222,12,0.05497685
/home/celia/jfreechart/source/org/jfree/data/statistics/SimpleHistogramBin.java,SimpleHistogramBin.java,244,131,0.53688526,31,0.01731888
/home/celia/jfreechart/source/org/jfree/data/statistics/DefaultBoxAndWhiskerCategoryDataset.java,DefaultBoxAndWhiskerCategoryDataset.java,849,479,0.5641932,78,0.007233246
/home/celia/jfreechart/source/org/jfree/data/statistics/HistogramDataset.java,HistogramDataset.java,475,277,0.5831579,40,0.014578948
/home/celia/jfreechart/source/org/jfree/data/statistics/MeanAndStandardDeviation.java,MeanAndStandardDeviation.java,162,108,0.6666667,14,0.04761905
/home/celia/jfreechart/source/org/jfree/data/statistics/BoxAndWhiskerItem.java,BoxAndWhiskerItem.java,263,151,0.5741445,23,0.024962803
/home/celia/jfreechart/source/org/jfree/data/statistics/DefaultBoxAndWhiskerXYDataset.java,DefaultBoxAndWhiskerXYDataset.java,516,310,0.6007752,48,0.012516149
/home/celia/jfreechart/source/org/jfree/data/statistics/DefaultStatisticalCategoryDataset.java,DefaultStatisticalCategoryDataset.java,654,325,0.4969419,62,0.008015192
/home/celia/jfreechart/source/org/jfree/data/statistics/StatisticalCategoryDataset.java,StatisticalCategoryDataset.java,88,80,0.90909094,1,0.90909094
/home/celia/jfreechart/source/org/jfree/data/statistics/SimpleHistogramDataset.java,SimpleHistogramDataset.java,437,272,0.6224256,42,0.014819657
/home/celia/jfreechart/source/org/jfree/data/statistics/HistogramType.java,HistogramType.java,127,81,0.63779527,10,0.063779525
/home/celia/jfreechart/source/org/jfree/data/statistics/BoxAndWhiskerCalculator.java,BoxAndWhiskerCalculator.java,220,99,0.45,19,0.02368421
/home/celia/jfreechart/source/org/jfree/data/statistics/BoxAndWhiskerXYDataset.java,BoxAndWhiskerXYDataset.java,164,148,0.902439,1,0.902439
/home/celia/jfreechart/source/org/jfree/data/statistics/BoxAndWhiskerCategoryDataset.java,BoxAndWhiskerCategoryDataset.java,217,194,0.89400923,1,0.89400923
/home/celia/jfreechart/source/org/jfree/data/statistics/MultiValueCategoryDataset.java,MultiValueCategoryDataset.java,69,62,0.89855075,1,0.89855075
/home/celia/jfreechart/source/org/jfree/data/statistics/DefaultMultiValueCategoryDataset.java,DefaultMultiValueCategoryDataset.java,371,188,0.50673854,42,0.012065204
/home/celia/jfreechart/source/org/jfree/data/statistics/Statistics.java,Statistics.java,455,199,0.43736264,51,0.008575738
/home/celia/jfreechart/source/org/jfree/data/statistics/Regression.java,Regression.java,342,115,0.3362573,39,0.008621982
/home/celia/jfreechart/source/org/jfree/chart/renderer/DefaultPolarItemRenderer.java,DefaultPolarItemRenderer.java,881,410,0.46538025,80,0.005817253
/home/celia/jfreechart/source/org/jfree/chart/renderer/xy/SamplingXYLineRenderer.java,SamplingXYLineRenderer.java,377,199,0.52785146,22,0.023993248
/home/celia/jfreechart/source/org/jfree/chart/renderer/xy/XYBubbleRenderer.java,XYBubbleRenderer.java,333,148,0.44444445,25,0.017777778
/home/celia/jfreechart/source/org/jfree/chart/renderer/xy/CandlestickRenderer.java,CandlestickRenderer.java,901,469,0.5205327,72,0.007229621
/home/celia/jfreechart/source/org/jfree/chart/renderer/xy/XYAreaRenderer.java,XYAreaRenderer.java,709,330,0.4654443,61,0.0076302346
/home/celia/jfreechart/source/org/jfree/chart/renderer/xy/XYItemRendererState.java,XYItemRendererState.java,182,145,0.7967033,5,0.15934065
/home/celia/jfreechart/source/org/jfree/chart/renderer/xy/AbstractXYItemRenderer.java,AbstractXYItemRenderer.java,1778,746,0.41957256,149,0.0028159232
/home/celia/jfreechart/source/org/jfree/chart/renderer/xy/XYLine3DRenderer.java,XYLine3DRenderer.java,256,153,0.59765625,20,0.029882813
/home/celia/jfreechart/source/org/jfree/chart/renderer/xy/StackedXYBarRenderer.java,StackedXYBarRenderer.java,411,175,0.42579076,37,0.0115078585
/home/celia/jfreechart/source/org/jfree/chart/renderer/xy/XYBlockRenderer.java,XYBlockRenderer.java,416,203,0.48798078,34,0.014352376
/home/celia/jfreechart/source/org/jfree/chart/renderer/xy/YIntervalRenderer.java,YIntervalRenderer.java,292,150,0.51369864,13,0.03951528
/home/celia/jfreechart/source/org/jfree/chart/renderer/xy/StandardXYItemRenderer.java,StandardXYItemRenderer.java,1049,560,0.5338417,93,0.0057402337
/home/celia/jfreechart/source/org/jfree/chart/renderer/xy/StackedXYAreaRenderer2.java,StackedXYAreaRenderer2.java,530,195,0.36792454,40,0.009198113
/home/celia/jfreechart/source/org/jfree/chart/renderer/xy/XYSplineRenderer.java,XYSplineRenderer.java,337,185,0.5489614,25,0.021958455
/home/celia/jfreechart/source/org/jfree/chart/renderer/xy/StackedXYAreaRenderer.java,StackedXYAreaRenderer.java,635,308,0.48503938,49,0.009898763
/home/celia/jfreechart/source/org/jfree/chart/renderer/xy/VectorRenderer.java,VectorRenderer.java,325,122,0.37538463,31,0.012109182
/home/celia/jfreechart/source/org/jfree/chart/renderer/xy/XYDifferenceRenderer.java,XYDifferenceRenderer.java,1124,404,0.3594306,84,0.004278936
/home/celia/jfreechart/source/org/jfree/chart/renderer/xy/CyclicXYItemRenderer.java,CyclicXYItemRenderer.java,463,213,0.4600432,49,0.009388637
/home/celia/jfreechart/source/org/jfree/chart/renderer/xy/HighLowRenderer.java,HighLowRenderer.java,491,247,0.503055,42,0.011977499
/home/celia/jfreechart/source/org/jfree/chart/renderer/xy/GradientXYBarPainter.java,GradientXYBarPainter.java,342,134,0.39181286,21,0.018657755
/home/celia/jfreechart/source/org/jfree/chart/renderer/xy/XYStepAreaRenderer.java,XYStepAreaRenderer.java,551,273,0.4954628,41,0.012084459
/home/celia/jfreechart/source/org/jfree/chart/renderer/xy/XYBoxAndWhiskerRenderer.java,XYBoxAndWhiskerRenderer.java,774,346,0.44702843,53,0.008434499
/home/celia/jfreechart/source/org/jfree/chart/renderer/xy/WindItemRenderer.java,WindItemRenderer.java,184,95,0.5163044,2,0.2581522
/home/celia/jfreechart/source/org/jfree/chart/renderer/xy/XYItemRenderer.java,XYItemRenderer.java,1583,1373,0.8673405,1,0.8673405
/home/celia/jfreechart/source/org/jfree/chart/renderer/xy/XYBarRenderer.java,XYBarRenderer.java,1205,575,0.47717842,96,0.0049706087
/home/celia/jfreechart/source/org/jfree/chart/renderer/xy/XYStepRenderer.java,XYStepRenderer.java,342,183,0.5350877,20,0.026754385
/home/celia/jfreechart/source/org/jfree/chart/renderer/xy/XYAreaRenderer2.java,XYAreaRenderer2.java,445,211,0.4741573,30,0.015805243
/home/celia/jfreechart/source/org/jfree/chart/renderer/xy/ClusteredXYBarRenderer.java,ClusteredXYBarRenderer.java,351,160,0.45584047,28,0.016280016
/home/celia/jfreechart/source/org/jfree/chart/renderer/xy/DeviationRenderer.java,DeviationRenderer.java,355,187,0.5267606,25,0.021070423
/home/celia/jfreechart/source/org/jfree/chart/renderer/xy/XYDotRenderer.java,XYDotRenderer.java,370,197,0.53243244,28,0.019015444
/home/celia/jfreechart/source/org/jfree/chart/renderer/xy/XYLineAndShapeRenderer.java,XYLineAndShapeRenderer.java,1276,694,0.54388714,106,0.005131011
/home/celia/jfreechart/source/org/jfree/chart/renderer/xy/XYErrorRenderer.java,XYErrorRenderer.java,428,222,0.5186916,33,0.015717927
/home/celia/jfreechart/source/org/jfree/chart/renderer/xy/XYBarPainter.java,XYBarPainter.java,86,75,0.872093,1,0.872093
/home/celia/jfreechart/source/org/jfree/chart/renderer/xy/StandardXYBarPainter.java,StandardXYBarPainter.java,204,102,0.5,15,0.033333335
/home/celia/jfreechart/source/org/jfree/chart/renderer/xy/DefaultXYItemRenderer.java,DefaultXYItemRenderer.java,52,48,0.9230769,1,0.9230769
/home/celia/jfreechart/source/org/jfree/chart/renderer/xy/XYShapeRenderer.java,XYShapeRenderer.java,577,306,0.5303293,52,0.01019864
/home/celia/jfreechart/source/org/jfree/chart/renderer/GrayPaintScale.java,GrayPaintScale.java,212,137,0.6462264,17,0.038013317
/home/celia/jfreechart/source/org/jfree/chart/renderer/AreaRendererEndType.java,AreaRendererEndType.java,123,80,0.6504065,8,0.08130081
/home/celia/jfreechart/source/org/jfree/chart/renderer/Outlier.java,Outlier.java,193,127,0.6580311,16,0.041126944
/home/celia/jfreechart/source/org/jfree/chart/renderer/RendererUtilities.java,RendererUtilities.java,263,107,0.4068441,29,0.014029107
/home/celia/jfreechart/source/org/jfree/chart/renderer/NotOutlierException.java,NotOutlierException.java,57,51,0.8947368,1,0.8947368
/home/celia/jfreechart/source/org/jfree/chart/renderer/PolarItemRenderer.java,PolarItemRenderer.java,201,166,0.82587063,1,0.82587063
/home/celia/jfreechart/source/org/jfree/chart/renderer/OutlierListCollection.java,OutlierListCollection.java,169,117,0.6923077,12,0.057692308
/home/celia/jfreechart/source/org/jfree/chart/renderer/RendererState.java,RendererState.java,85,63,0.7411765,5,0.14823529
/home/celia/jfreechart/source/org/jfree/chart/renderer/WaferMapRenderer.java,WaferMapRenderer.java,351,157,0.44729346,41,0.010909596
/home/celia/jfreechart/source/org/jfree/chart/renderer/LookupPaintScale.java,LookupPaintScale.java,363,192,0.5289256,37,0.0142952865
/home/celia/jfreechart/source/org/jfree/chart/renderer/AbstractRenderer.java,AbstractRenderer.java,3778,2271,0.6011117,354,0.0016980557
/home/celia/jfreechart/source/org/jfree/chart/renderer/OutlierList.java,OutlierList.java,166,115,0.6927711,11,0.06297919
/home/celia/jfreechart/source/org/jfree/chart/renderer/category/DefaultCategoryItemRenderer.java,DefaultCategoryItemRenderer.java,52,47,0.90384614,1,0.90384614
/home/celia/jfreechart/source/org/jfree/chart/renderer/category/StatisticalBarRenderer.java,StatisticalBarRenderer.java,553,218,0.39421338,47,0.008387519
/home/celia/jfreechart/source/org/jfree/chart/renderer/category/StackedBarRenderer3D.java,StackedBarRenderer3D.java,803,321,0.39975095,52,0.0076875184
/home/celia/jfreechart/source/org/jfree/chart/renderer/category/ScatterRenderer.java,ScatterRenderer.java,544,277,0.50919116,48,0.010608149
/home/celia/jfreechart/source/org/jfree/chart/renderer/category/MinMaxCategoryRenderer.java,MinMaxCategoryRenderer.java,520,255,0.4903846,48,0.010216346
/home/celia/jfreechart/source/org/jfree/chart/renderer/category/CategoryItemRendererState.java,CategoryItemRendererState.java,209,147,0.7033493,15,0.046889953
/home/celia/jfreechart/source/org/jfree/chart/renderer/category/AbstractCategoryItemRenderer.java,AbstractCategoryItemRenderer.java,1685,728,0.4320475,139,0.0031082553
/home/celia/jfreechart/source/org/jfree/chart/renderer/category/AreaRenderer.java,AreaRenderer.java,333,145,0.43543544,27,0.016127238
/home/celia/jfreechart/source/org/jfree/chart/renderer/category/WaterfallBarRenderer.java,WaterfallBarRenderer.java,478,195,0.4079498,44,0.009271586
/home/celia/jfreechart/source/org/jfree/chart/renderer/category/GanttRenderer.java,GanttRenderer.java,583,228,0.39108062,48,0.008147513
/home/celia/jfreechart/source/org/jfree/chart/renderer/category/BarRenderer3D.java,BarRenderer3D.java,750,275,0.36666667,34,0.010784314
/home/celia/jfreechart/source/org/jfree/chart/renderer/category/BarRenderer.java,BarRenderer.java,1307,628,0.48048967,96,0.0050051007
/home/celia/jfreechart/source/org/jfree/chart/renderer/category/GroupedStackedBarRenderer.java,GroupedStackedBarRenderer.java,351,127,0.36182335,29,0.012476667
/home/celia/jfreechart/source/org/jfree/chart/renderer/category/StandardBarPainter.java,StandardBarPainter.java,205,103,0.502439,15,0.033495937
/home/celia/jfreechart/source/org/jfree/chart/renderer/category/StatisticalLineAndShapeRenderer.java,StatisticalLineAndShapeRenderer.java,456,186,0.40789473,39,0.010458839
/home/celia/jfreechart/source/org/jfree/chart/renderer/category/LineAndShapeRenderer.java,LineAndShapeRenderer.java,1026,586,0.5711501,90,0.0063461126
/home/celia/jfreechart/source/org/jfree/chart/renderer/category/StackedAreaRenderer.java,StackedAreaRenderer.java,507,204,0.40236688,41,0.0098138265
/home/celia/jfreechart/source/org/jfree/chart/renderer/category/CategoryStepRenderer.java,CategoryStepRenderer.java,340,169,0.4970588,26,0.019117646
/home/celia/jfreechart/source/org/jfree/chart/renderer/category/LineRenderer3D.java,LineRenderer3D.java,605,216,0.3570248,34,0.010500729
/home/celia/jfreechart/source/org/jfree/chart/renderer/category/GradientBarPainter.java,GradientBarPainter.java,343,144,0.41982508,20,0.020991255
/home/celia/jfreechart/source/org/jfree/chart/renderer/category/CategoryItemRenderer.java,CategoryItemRenderer.java,1692,1504,0.8888889,1,0.8888889
/home/celia/jfreechart/source/org/jfree/chart/renderer/category/BoxAndWhiskerRenderer.java,BoxAndWhiskerRenderer.java,1013,446,0.4402764,81,0.0054355115
/home/celia/jfreechart/source/org/jfree/chart/renderer/category/StackedBarRenderer.java,StackedBarRenderer.java,404,187,0.46287128,32,0.014464728
/home/celia/jfreechart/source/org/jfree/chart/renderer/category/LevelRenderer.java,LevelRenderer.java,440,218,0.49545455,27,0.018350169
/home/celia/jfreechart/source/org/jfree/chart/renderer/category/LayeredBarRenderer.java,LayeredBarRenderer.java,430,158,0.36744186,39,0.009421586
/home/celia/jfreechart/source/org/jfree/chart/renderer/category/BarPainter.java,BarPainter.java,86,75,0.872093,1,0.872093
/home/celia/jfreechart/source/org/jfree/chart/renderer/category/IntervalBarRenderer.java,IntervalBarRenderer.java,252,133,0.5277778,14,0.037698414
/home/celia/jfreechart/source/org/jfree/chart/renderer/PaintScale.java,PaintScale.java,80,72,0.9,1,0.9
/home/celia/jfreechart/source/org/jfree/chart/ChartFrame.java,ChartFrame.java,88,65,0.7386364,4,0.1846591
/home/celia/jfreechart/source/org/jfree/chart/ChartRenderingInfo.java,ChartRenderingInfo.java,234,149,0.6367521,19,0.03351327
/home/celia/jfreechart/source/org/jfree/chart/ChartTheme.java,ChartTheme.java,57,53,0.9298246,1,0.9298246
/home/celia/jfreechart/source/org/jfree/chart/servlet/DisplayChart.java,DisplayChart.java,140,82,0.5857143,10,0.058571428
/home/celia/jfreechart/source/org/jfree/chart/servlet/ChartDeleter.java,ChartDeleter.java,111,77,0.6936937,7,0.0990991
/home/celia/jfreechart/source/org/jfree/chart/servlet/ServletUtilities.java,ServletUtilities.java,399,216,0.5413534,25,0.021654136
/home/celia/jfreechart/source/org/jfree/chart/ChartColor.java,ChartColor.java,158,100,0.6329114,2,0.3164557
/home/celia/jfreechart/source/org/jfree/chart/annotations/CategoryTextAnnotation.java,CategoryTextAnnotation.java,261,139,0.532567,19,0.028029844
/home/celia/jfreechart/source/org/jfree/chart/annotations/XYTextAnnotation.java,XYTextAnnotation.java,633,351,0.55450237,55,0.010081861
/home/celia/jfreechart/source/org/jfree/chart/annotations/CategoryAnnotation.java,CategoryAnnotation.java,64,54,0.84375,1,0.84375
/home/celia/jfreechart/source/org/jfree/chart/annotations/CategoryPointerAnnotation.java,CategoryPointerAnnotation.java,488,261,0.53483605,34,0.015730472
/home/celia/jfreechart/source/org/jfree/chart/annotations/XYShapeAnnotation.java,XYShapeAnnotation.java,286,140,0.48951048,18,0.027195027
/home/celia/jfreechart/source/org/jfree/chart/annotations/XYAnnotation.java,XYAnnotation.java,74,62,0.8378378,1,0.8378378
/home/celia/jfreechart/source/org/jfree/chart/annotations/XYImageAnnotation.java,XYImageAnnotation.java,295,163,0.5525424,20,0.02762712
/home/celia/jfreechart/source/org/jfree/chart/annotations/Annotation.java,Annotation.java,61,54,0.8852459,1,0.8852459
/home/celia/jfreechart/source/org/jfree/chart/annotations/XYAnnotationBoundsInfo.java,XYAnnotationBoundsInfo.java,70,63,0.9,1,0.9
/home/celia/jfreechart/source/org/jfree/chart/annotations/XYPolygonAnnotation.java,XYPolygonAnnotation.java,331,165,0.49848944,25,0.019939577
/home/celia/jfreechart/source/org/jfree/chart/annotations/TextAnnotation.java,TextAnnotation.java,339,199,0.58702064,30,0.019567354
/home/celia/jfreechart/source/org/jfree/chart/annotations/AbstractXYAnnotation.java,AbstractXYAnnotation.java,192,117,0.609375,15,0.040625
/home/celia/jfreechart/source/org/jfree/chart/annotations/AbstractAnnotation.java,AbstractAnnotation.java,201,137,0.68159205,14,0.048685145
/home/celia/jfreechart/source/org/jfree/chart/annotations/CategoryLineAnnotation.java,CategoryLineAnnotation.java,404,202,0.5,33,0.015151516
/home/celia/jfreechart/source/org/jfree/chart/annotations/XYDrawableAnnotation.java,XYDrawableAnnotation.java,232,117,0.50431037,14,0.036022168
/home/celia/jfreechart/source/org/jfree/chart/annotations/XYTitleAnnotation.java,XYTitleAnnotation.java,370,162,0.43783784,35,0.012509652
/home/celia/jfreechart/source/org/jfree/chart/annotations/XYLineAnnotation.java,XYLineAnnotation.java,289,135,0.46712804,19,0.024585687
/home/celia/jfreechart/source/org/jfree/chart/annotations/XYDataImageAnnotation.java,XYDataImageAnnotation.java,346,194,0.5606936,24,0.023362234
/home/celia/jfreechart/source/org/jfree/chart/annotations/XYBoxAnnotation.java,XYBoxAnnotation.java,280,137,0.4892857,18,0.02718254
/home/celia/jfreechart/source/org/jfree/chart/annotations/XYPointerAnnotation.java,XYPointerAnnotation.java,510,268,0.5254902,37,0.014202438
/home/celia/jfreechart/source/org/jfree/chart/ChartPanel.java,ChartPanel.java,2741,1293,0.47172564,233,0.0020245735
/home/celia/jfreechart/source/org/jfree/chart/LegendItemCollection.java,LegendItemCollection.java,140,96,0.6857143,11,0.062337663
/home/celia/jfreechart/source/org/jfree/chart/axis/ValueTick.java,ValueTick.java,132,92,0.6969697,7,0.0995671
/home/celia/jfreechart/source/org/jfree/chart/axis/CategoryLabelWidthType.java,CategoryLabelWidthType.java,115,74,0.6434783,9,0.07149759
/home/celia/jfreechart/source/org/jfree/chart/axis/DateTick.java,DateTick.java,124,87,0.7016129,6,0.116935484
/home/celia/jfreechart/source/org/jfree/chart/axis/SubCategoryAxis.java,SubCategoryAxis.java,415,176,0.42409638,31,0.013680528
/home/celia/jfreechart/source/org/jfree/chart/axis/TickUnitSource.java,TickUnitSource.java,72,66,0.9166667,1,0.9166667
/home/celia/jfreechart/source/org/jfree/chart/axis/AxisLocation.java,AxisLocation.java,167,98,0.5868263,12,0.048902195
/home/celia/jfreechart/source/org/jfree/chart/axis/DateTickUnitType.java,DateTickUnitType.java,155,94,0.60645163,9,0.06738351
/home/celia/jfreechart/source/org/jfree/chart/axis/CategoryLabelPositions.java,CategoryLabelPositions.java,419,197,0.47016707,23,0.020442046
/home/celia/jfreechart/source/org/jfree/chart/axis/CategoryTick.java,CategoryTick.java,137,84,0.6131387,10,0.061313868
/home/celia/jfreechart/source/org/jfree/chart/axis/MonthDateFormat.java,MonthDateFormat.java,287,143,0.49825785,18,0.027680991
/home/celia/jfreechart/source/org/jfree/chart/axis/SymbolAxis.java,SymbolAxis.java,752,306,0.4069149,59,0.0068968628
/home/celia/jfreechart/source/org/jfree/chart/axis/LogAxis.java,LogAxis.java,846,382,0.45153666,62,0.0072828494
/home/celia/jfreechart/source/org/jfree/chart/axis/CategoryAxis.java,CategoryAxis.java,1377,626,0.45461148,100,0.0045461147
/home/celia/jfreechart/source/org/jfree/chart/axis/ValueAxis.java,ValueAxis.java,1609,861,0.535115,132,0.0040539014
/home/celia/jfreechart/source/org/jfree/chart/axis/QuarterDateFormat.java,QuarterDateFormat.java,188,113,0.60106385,11,0.054642167
/home/celia/jfreechart/source/org/jfree/chart/axis/AxisCollection.java,AxisCollection.java,129,84,0.6511628,9,0.072351426
/home/celia/jfreechart/source/org/jfree/chart/axis/Tick.java,Tick.java,168,104,0.61904764,15,0.041269843
/home/celia/jfreechart/source/org/jfree/chart/axis/PeriodAxis.java,PeriodAxis.java,1152,479,0.4157986,102,0.004076457
/home/celia/jfreechart/source/org/jfree/chart/axis/TickUnit.java,TickUnit.java,180,120,0.6666667,14,0.04761905
/home/celia/jfreechart/source/org/jfree/chart/axis/AxisState.java,AxisState.java,173,116,0.67052025,14,0.047894303
/home/celia/jfreechart/source/org/jfree/chart/axis/Timeline.java,Timeline.java,144,133,0.9236111,1,0.9236111
/home/celia/jfreechart/source/org/jfree/chart/axis/NumberAxis.java,NumberAxis.java,1282,504,0.39313573,94,0.004182295
/home/celia/jfreechart/source/org/jfree/chart/axis/LogarithmicAxis.java,LogarithmicAxis.java,1005,519,0.5164179,96,0.005379353
/home/celia/jfreechart/source/org/jfree/chart/axis/DateTickUnit.java,DateTickUnit.java,598,376,0.62876254,39,0.016122116
/home/celia/jfreechart/source/org/jfree/chart/axis/CyclicNumberAxis.java,CyclicNumberAxis.java,1084,420,0.38745388,83,0.004668119
/home/celia/jfreechart/source/org/jfree/chart/axis/TickUnits.java,TickUnits.java,190,124,0.6526316,14,0.046616543
/home/celia/jfreechart/source/org/jfree/chart/axis/CompassFormat.java,CompassFormat.java,120,89,0.7416667,5,0.14833334
/home/celia/jfreechart/source/org/jfree/chart/axis/AxisSpace.java,AxisSpace.java,349,166,0.4756447,35,0.013589849
/home/celia/jfreechart/source/org/jfree/chart/axis/ColorBar.java,ColorBar.java,414,193,0.46618357,30,0.015539452
/home/celia/jfreechart/source/org/jfree/chart/axis/PeriodAxisLabelInfo.java,PeriodAxisLabelInfo.java,362,196,0.5414365,31,0.017465694
/home/celia/jfreechart/source/org/jfree/chart/axis/DateAxis.java,DateAxis.java,1804,731,0.40521064,136,0.00297949
/home/celia/jfreechart/source/org/jfree/chart/axis/NumberTickUnit.java,NumberTickUnit.java,151,99,0.65562916,12,0.054635763
/home/celia/jfreechart/source/org/jfree/chart/axis/MarkerAxisBand.java,MarkerAxisBand.java,247,113,0.45748988,15,0.030499326
/home/celia/jfreechart/source/org/jfree/chart/axis/NumberTick.java,NumberTick.java,92,73,0.79347825,1,0.79347825
/home/celia/jfreechart/source/org/jfree/chart/axis/NumberAxis3D.java,NumberAxis3D.java,160,103,0.64375,6,0.10729167
/home/celia/jfreechart/source/org/jfree/chart/axis/CategoryAnchor.java,CategoryAnchor.java,117,77,0.6581197,8,0.08226496
/home/celia/jfreechart/source/org/jfree/chart/axis/TickType.java,TickType.java,109,74,0.6788991,8,0.08486239
/home/celia/jfreechart/source/org/jfree/chart/axis/ModuloAxis.java,ModuloAxis.java,400,192,0.48,32,0.015
/home/celia/jfreechart/source/org/jfree/chart/axis/SegmentedTimeline.java,SegmentedTimeline.java,1584,955,0.602904,121,0.0049826778
/home/celia/jfreechart/source/org/jfree/chart/axis/CategoryLabelPosition.java,CategoryLabelPosition.java,250,142,0.568,21,0.02704762
/home/celia/jfreechart/source/org/jfree/chart/axis/StandardTickUnitSource.java,StandardTickUnitSource.java,119,86,0.7226891,7,0.1032413
/home/celia/jfreechart/source/org/jfree/chart/axis/Axis.java,Axis.java,1330,735,0.55263156,115,0.004805492
/home/celia/jfreechart/source/org/jfree/chart/axis/CategoryAxis3D.java,CategoryAxis3D.java,208,108,0.5192308,11,0.0472028
/home/celia/jfreechart/source/org/jfree/chart/axis/DateTickMarkPosition.java,DateTickMarkPosition.java,117,77,0.6581197,8,0.08226496
/home/celia/jfreechart/source/org/jfree/chart/axis/ExtendedCategoryAxis.java,ExtendedCategoryAxis.java,238,134,0.56302524,19,0.029632907
/home/celia/jfreechart/source/org/jfree/chart/title/TextTitle.java,TextTitle.java,864,395,0.45717594,78,0.00586123
/home/celia/jfreechart/source/org/jfree/chart/title/ImageTitle.java,ImageTitle.java,331,172,0.51963747,20,0.025981873
/home/celia/jfreechart/source/org/jfree/chart/title/LegendGraphic.java,LegendGraphic.java,699,377,0.5393419,68,0.007931499
/home/celia/jfreechart/source/org/jfree/chart/title/LegendItemBlockContainer.java,LegendItemBlockContainer.java,221,145,0.6561086,11,0.059646238
/home/celia/jfreechart/source/org/jfree/chart/title/PaintScaleLegend.java,PaintScaleLegend.java,683,292,0.4275256,63,0.0067861206
/home/celia/jfreechart/source/org/jfree/chart/title/DateTitle.java,DateTitle.java,167,129,0.7724551,4,0.19311377
/home/celia/jfreechart/source/org/jfree/chart/title/LegendTitle.java,LegendTitle.java,648,299,0.46141976,69,0.006687243
/home/celia/jfreechart/source/org/jfree/chart/title/ShortTextTitle.java,ShortTextTitle.java,222,110,0.4954955,15,0.033033032
/home/celia/jfreechart/source/org/jfree/chart/title/CompositeTitle.java,CompositeTitle.java,228,139,0.6096491,18,0.033869397
/home/celia/jfreechart/source/org/jfree/chart/title/Title.java,Title.java,431,251,0.5823666,39,0.014932477
/home/celia/jfreechart/source/org/jfree/chart/demo/PieChartDemo1.java,PieChartDemo1.java,137,83,0.60583943,5,0.12116788
/home/celia/jfreechart/source/org/jfree/chart/demo/BarChartDemo1.java,BarChartDemo1.java,184,92,0.5,4,0.125
/home/celia/jfreechart/source/org/jfree/chart/demo/TimeSeriesChartDemo1.java,TimeSeriesChartDemo1.java,201,89,0.44278607,6,0.07379768
/home/celia/jfreechart/source/org/jfree/chart/urls/TimeSeriesURLGenerator.java,TimeSeriesURLGenerator.java,202,118,0.5841584,18,0.032453246
/home/celia/jfreechart/source/org/jfree/chart/urls/StandardXYURLGenerator.java,StandardXYURLGenerator.java,161,99,0.61490685,12,0.051242236
/home/celia/jfreechart/source/org/jfree/chart/urls/StandardPieURLGenerator.java,StandardPieURLGenerator.java,167,98,0.5868263,12,0.048902195
/home/celia/jfreechart/source/org/jfree/chart/urls/CategoryURLGenerator.java,CategoryURLGenerator.java,73,67,0.91780823,1,0.91780823
/home/celia/jfreechart/source/org/jfree/chart/urls/PieURLGenerator.java,PieURLGenerator.java,75,70,0.93333334,1,0.93333334
/home/celia/jfreechart/source/org/jfree/chart/urls/StandardXYZURLGenerator.java,StandardXYZURLGenerator.java,59,51,0.86440676,1,0.86440676
/home/celia/jfreechart/source/org/jfree/chart/urls/StandardCategoryURLGenerator.java,StandardCategoryURLGenerator.java,196,112,0.5714286,14,0.04081633
/home/celia/jfreechart/source/org/jfree/chart/urls/CustomCategoryURLGenerator.java,CustomCategoryURLGenerator.java,182,98,0.53846157,22,0.024475526
/home/celia/jfreechart/source/org/jfree/chart/urls/CustomPieURLGenerator.java,CustomPieURLGenerator.java,203,113,0.5566502,19,0.02929738
/home/celia/jfreechart/source/org/jfree/chart/urls/XYURLGenerator.java,XYURLGenerator.java,66,61,0.92424244,1,0.92424244
/home/celia/jfreechart/source/org/jfree/chart/urls/CustomXYURLGenerator.java,CustomXYURLGenerator.java,190,105,0.55263156,22,0.025119616
/home/celia/jfreechart/source/org/jfree/chart/urls/XYZURLGenerator.java,XYZURLGenerator.java,61,56,0.91803277,1,0.91803277
/home/celia/jfreechart/source/org/jfree/chart/urls/URLUtilities.java,URLUtilities.java,86,60,0.6976744,1,0.6976744
/home/celia/jfreechart/source/org/jfree/chart/MouseWheelHandler.java,MouseWheelHandler.java,148,88,0.5945946,11,0.054054055
/home/celia/jfreechart/source/org/jfree/chart/LegendRenderingOrder.java,LegendRenderingOrder.java,110,74,0.6727273,8,0.08409091
/home/celia/jfreechart/source/org/jfree/chart/plot/PlotState.java,PlotState.java,63,52,0.82539684,2,0.41269842
/home/celia/jfreechart/source/org/jfree/chart/plot/XYPlot.java,XYPlot.java,5378,2559,0.47582746,614,7.749633E-4
/home/celia/jfreechart/source/org/jfree/chart/plot/DatasetRenderingOrder.java,DatasetRenderingOrder.java,128,88,0.6875,9,0.07638889
/home/celia/jfreechart/source/org/jfree/chart/plot/Plot.java,Plot.java,1419,786,0.5539112,133,0.004164746
/home/celia/jfreechart/source/org/jfree/chart/plot/MeterPlot.java,MeterPlot.java,1202,564,0.46921796,112,0.004189446
/home/celia/jfreechart/source/org/jfree/chart/plot/CombinedRangeXYPlot.java,CombinedRangeXYPlot.java,646,316,0.48916408,60,0.0081527345
/home/celia/jfreechart/source/org/jfree/chart/plot/RingPlot.java,RingPlot.java,524,254,0.48473284,40,0.012118321
/home/celia/jfreechart/source/org/jfree/chart/plot/PiePlot3D.java,PiePlot3D.java,936,267,0.28525642,83,0.0034368243
/home/celia/jfreechart/source/org/jfree/chart/plot/FastScatterPlot.java,FastScatterPlot.java,1016,531,0.5226378,91,0.005743272
/home/celia/jfreechart/source/org/jfree/chart/plot/SeriesRenderingOrder.java,SeriesRenderingOrder.java,126,86,0.6825397,9,0.075837746
/home/celia/jfreechart/source/org/jfree/chart/plot/PiePlot.java,PiePlot.java,3479,1821,0.5234263,298,0.0017564641
/home/celia/jfreechart/source/org/jfree/chart/plot/CategoryMarker.java,CategoryMarker.java,170,110,0.64705884,13,0.049773756
/home/celia/jfreechart/source/org/jfree/chart/plot/IntervalMarker.java,IntervalMarker.java,211,132,0.6255924,15,0.04170616
/home/celia/jfreechart/source/org/jfree/chart/plot/CombinedDomainXYPlot.java,CombinedDomainXYPlot.java,665,328,0.49323308,63,0.007829096
/home/celia/jfreechart/source/org/jfree/chart/plot/Pannable.java,Pannable.java,87,75,0.86206895,1,0.86206895
/home/celia/jfreechart/source/org/jfree/chart/plot/JThermometer.java,JThermometer.java,337,194,0.5756677,33,0.017444475
/home/celia/jfreechart/source/org/jfree/chart/plot/RainbowPalette.java,RainbowPalette.java,177,95,0.53672314,2,0.26836157
/home/celia/jfreechart/source/org/jfree/chart/plot/PieLabelLinkStyle.java,PieLabelLinkStyle.java,126,83,0.65873015,9,0.07319224
/home/celia/jfreechart/source/org/jfree/chart/plot/DrawingSupplier.java,DrawingSupplier.java,97,85,0.87628865,1,0.87628865
/home/celia/jfreechart/source/org/jfree/chart/plot/ValueMarker.java,ValueMarker.java,145,104,0.7172414,9,0.07969349
/home/celia/jfreechart/source/org/jfree/chart/plot/PieLabelDistributor.java,PieLabelDistributor.java,206,104,0.5048544,26,0.019417476
/home/celia/jfreechart/source/org/jfree/chart/plot/PolarAxisLocation.java,PolarAxisLocation.java,149,88,0.590604,8,0.0738255
/home/celia/jfreechart/source/org/jfree/chart/plot/CompassPlot.java,CompassPlot.java,803,370,0.4607721,77,0.005984053
/home/celia/jfreechart/source/org/jfree/chart/plot/WaferMapPlot.java,WaferMapPlot.java,389,167,0.4293059,31,0.013848578
/home/celia/jfreechart/source/org/jfree/chart/plot/XYCrosshairState.java,XYCrosshairState.java,52,46,0.88461536,1,0.88461536
/home/celia/jfreechart/source/org/jfree/chart/plot/CategoryCrosshairState.java,CategoryCrosshairState.java,162,99,0.6111111,11,0.055555556
/home/celia/jfreechart/source/org/jfree/chart/plot/ColorPalette.java,ColorPalette.java,419,212,0.5059666,47,0.010765247
/home/celia/jfreechart/source/org/jfree/chart/plot/CategoryPlot.java,CategoryPlot.java,4797,2386,0.4973942,525,9.474175E-4
/home/celia/jfreechart/source/org/jfree/chart/plot/CombinedDomainCategoryPlot.java,CombinedDomainCategoryPlot.java,619,276,0.44588044,65,0.0068596993
/home/celia/jfreechart/source/org/jfree/chart/plot/CrosshairState.java,CrosshairState.java,457,336,0.73522973,28,0.026258204
/home/celia/jfreechart/source/org/jfree/chart/plot/DialShape.java,DialShape.java,123,82,0.6666667,9,0.074074075
/home/celia/jfreechart/source/org/jfree/chart/plot/ContourPlotUtilities.java,ContourPlotUtilities.java,71,59,0.8309859,1,0.8309859
/home/celia/jfreechart/source/org/jfree/chart/plot/DefaultDrawingSupplier.java,DefaultDrawingSupplier.java,471,215,0.4564756,44,0.0103744455
/home/celia/jfreechart/source/org/jfree/chart/plot/SpiderWebPlot.java,SpiderWebPlot.java,1480,722,0.48783785,143,0.0034114535
/home/celia/jfreechart/source/org/jfree/chart/plot/ThermometerPlot.java,ThermometerPlot.java,1628,882,0.541769,149,0.0036360337
/home/celia/jfreechart/source/org/jfree/chart/plot/PieLabelRecord.java,PieLabelRecord.java,256,149,0.58203125,27,0.021556713
/home/celia/jfreechart/source/org/jfree/chart/plot/AbstractPieLabelDistributor.java,AbstractPieLabelDistributor.java,101,77,0.76237625,6,0.12706271
/home/celia/jfreechart/source/org/jfree/chart/plot/PlotOrientation.java,PlotOrientation.java,121,81,0.6694215,9,0.07438017
/home/celia/jfreechart/source/org/jfree/chart/plot/PolarPlot.java,PolarPlot.java,2039,1017,0.4987739,198,0.0025190602
/home/celia/jfreechart/source/org/jfree/chart/plot/dial/DialPointer.java,DialPointer.java,586,314,0.53583616,47,0.011400769
/home/celia/jfreechart/source/org/jfree/chart/plot/dial/DialLayerChangeEvent.java,DialLayerChangeEvent.java,68,57,0.8382353,2,0.41911766
/home/celia/jfreechart/source/org/jfree/chart/plot/dial/DialLayerChangeListener.java,DialLayerChangeListener.java,57,52,0.9122807,1,0.9122807
/home/celia/jfreechart/source/org/jfree/chart/plot/dial/StandardDialScale.java,StandardDialScale.java,948,528,0.556962,85,0.006552494
/home/celia/jfreechart/source/org/jfree/chart/plot/dial/DialScale.java,DialScale.java,70,65,0.9285714,1,0.9285714
/home/celia/jfreechart/source/org/jfree/chart/plot/dial/DialBackground.java,DialBackground.java,249,150,0.60240966,19,0.03170577
/home/celia/jfreechart/source/org/jfree/chart/plot/dial/DialPlot.java,DialPlot.java,771,385,0.4993515,84,0.005944661
/home/celia/jfreechart/source/org/jfree/chart/plot/dial/StandardDialRange.java,StandardDialRange.java,398,221,0.5552764,34,0.016331658
/home/celia/jfreechart/source/org/jfree/chart/plot/dial/StandardDialFrame.java,StandardDialFrame.java,329,182,0.5531915,25,0.02212766
/home/celia/jfreechart/source/org/jfree/chart/plot/dial/AbstractDialLayer.java,AbstractDialLayer.java,194,128,0.6597938,14,0.04712813
/home/celia/jfreechart/source/org/jfree/chart/plot/dial/ArcDialFrame.java,ArcDialFrame.java,476,251,0.5273109,37,0.014251647
/home/celia/jfreechart/source/org/jfree/chart/plot/dial/DialValueIndicator.java,DialValueIndicator.java,722,386,0.53462607,68,0.007862148
/home/celia/jfreechart/source/org/jfree/chart/plot/dial/DialLayer.java,DialLayer.java,108,94,0.8703704,1,0.8703704
/home/celia/jfreechart/source/org/jfree/chart/plot/dial/DialCap.java,DialCap.java,312,182,0.5833333,24,0.024305554
/home/celia/jfreechart/source/org/jfree/chart/plot/dial/DialFrame.java,DialFrame.java,65,58,0.8923077,1,0.8923077
/home/celia/jfreechart/source/org/jfree/chart/plot/dial/DialTextAnnotation.java,DialTextAnnotation.java,374,215,0.5748663,32,0.017964572
/home/celia/jfreechart/source/org/jfree/chart/plot/MultiplePiePlot.java,MultiplePiePlot.java,628,272,0.43312103,63,0.006874937
/home/celia/jfreechart/source/org/jfree/chart/plot/MeterInterval.java,MeterInterval.java,205,117,0.5707317,17,0.033572454
/home/celia/jfreechart/source/org/jfree/chart/plot/ContourPlot.java,ContourPlot.java,1607,734,0.4567517,153,0.0029853052
/home/celia/jfreechart/source/org/jfree/chart/plot/PlotRenderingInfo.java,PlotRenderingInfo.java,265,160,0.6037736,24,0.025157234
/home/celia/jfreechart/source/org/jfree/chart/plot/PiePlotState.java,PiePlotState.java,243,168,0.69135803,21,0.03292181
/home/celia/jfreechart/source/org/jfree/chart/plot/PlotUtilities.java,PlotUtilities.java,71,55,0.7746479,4,0.19366197
/home/celia/jfreechart/source/org/jfree/chart/plot/Zoomable.java,Zoomable.java,166,146,0.8795181,1,0.8795181
/home/celia/jfreechart/source/org/jfree/chart/plot/GreyPalette.java,GreyPalette.java,83,57,0.686747,3,0.22891568
/home/celia/jfreechart/source/org/jfree/chart/plot/Marker.java,Marker.java,621,362,0.58293074,61,0.009556241
/home/celia/jfreechart/source/org/jfree/chart/plot/ValueAxisPlot.java,ValueAxisPlot.java,59,53,0.89830506,1,0.89830506
/home/celia/jfreechart/source/org/jfree/chart/plot/Crosshair.java,Crosshair.java,676,375,0.55473375,63,0.008805297
/home/celia/jfreechart/source/org/jfree/chart/plot/ContourValuePlot.java,ContourValuePlot.java,57,51,0.8947368,1,0.8947368
/home/celia/jfreechart/source/org/jfree/chart/plot/CombinedRangeCategoryPlot.java,CombinedRangeCategoryPlot.java,513,224,0.43664718,55,0.00793904
/home/celia/jfreechart/source/org/jfree/chart/ChartFactory.java,ChartFactory.java,2074,854,0.4117647,108,0.0038126362
/home/celia/jfreechart/source/org/jfree/chart/block/ColorBlock.java,ColorBlock.java,172,110,0.6395349,11,0.058139537
/home/celia/jfreechart/source/org/jfree/chart/block/BlockBorder.java,BlockBorder.java,223,124,0.5560538,19,0.02926599
/home/celia/jfreechart/source/org/jfree/chart/block/LineBorder.java,LineBorder.java,219,106,0.48401827,21,0.023048488
/home/celia/jfreechart/source/org/jfree/chart/block/CenterArrangement.java,CenterArrangement.java,303,168,0.55445546,15,0.036963698
/home/celia/jfreechart/source/org/jfree/chart/block/BlockFrame.java,BlockFrame.java,66,57,0.8636364,1,0.8636364
/home/celia/jfreechart/source/org/jfree/chart/block/LabelBlock.java,LabelBlock.java,411,235,0.57177615,36,0.01588267
/home/celia/jfreechart/source/org/jfree/chart/block/BlockParams.java,BlockParams.java,124,95,0.766129,7,0.109447
/home/celia/jfreechart/source/org/jfree/chart/block/Block.java,Block.java,109,95,0.8715596,1,0.8715596
/home/celia/jfreechart/source/org/jfree/chart/block/Arrangement.java,Arrangement.java,77,67,0.8701299,1,0.8701299
/home/celia/jfreechart/source/org/jfree/chart/block/GridArrangement.java,GridArrangement.java,414,174,0.42028984,34,0.012361466
/home/celia/jfreechart/source/org/jfree/chart/block/AbstractBlock.java,AbstractBlock.java,620,360,0.58064514,58,0.0100111235
/home/celia/jfreechart/source/org/jfree/chart/block/BlockContainer.java,BlockContainer.java,259,141,0.5444015,27,0.02016302
/home/celia/jfreechart/source/org/jfree/chart/block/FlowArrangement.java,FlowArrangement.java,415,187,0.4506024,28,0.016092943
/home/celia/jfreechart/source/org/jfree/chart/block/RectangleConstraint.java,RectangleConstraint.java,335,182,0.5432836,28,0.019402985
/home/celia/jfreechart/source/org/jfree/chart/block/EmptyBlock.java,EmptyBlock.java,117,88,0.75213677,5,0.15042736
/home/celia/jfreechart/source/org/jfree/chart/block/BlockResult.java,BlockResult.java,71,58,0.8169014,3,0.27230045
/home/celia/jfreechart/source/org/jfree/chart/block/EntityBlockParams.java,EntityBlockParams.java,54,50,0.9259259,1,0.9259259
/home/celia/jfreechart/source/org/jfree/chart/block/EntityBlockResult.java,EntityBlockResult.java,53,48,0.9056604,1,0.9056604
/home/celia/jfreechart/source/org/jfree/chart/block/LengthConstraintType.java,LengthConstraintType.java,124,81,0.6532258,9,0.07258064
/home/celia/jfreechart/source/org/jfree/chart/block/ColumnArrangement.java,ColumnArrangement.java,359,158,0.44011143,27,0.016300423
/home/celia/jfreechart/source/org/jfree/chart/block/BorderArrangement.java,BorderArrangement.java,501,135,0.26946107,54,0.00499002
/home/celia/jfreechart/source/org/jfree/chart/ChartUtilities.java,ChartUtilities.java,681,416,0.61086637,20,0.030543318
/home/celia/jfreechart/source/org/jfree/chart/panel/CrosshairOverlay.java,CrosshairOverlay.java,565,174,0.3079646,56,0.0054993676
/home/celia/jfreechart/source/org/jfree/chart/panel/Overlay.java,Overlay.java,70,61,0.87142855,1,0.87142855
/home/celia/jfreechart/source/org/jfree/chart/panel/AbstractOverlay.java,AbstractOverlay.java,110,74,0.6727273,9,0.07474747
/home/celia/jfreechart/source/org/jfree/chart/event/RendererChangeListener.java,RendererChangeListener.java,54,49,0.9074074,1,0.9074074
/home/celia/jfreechart/source/org/jfree/chart/event/ChartChangeEvent.java,ChartChangeEvent.java,120,90,0.75,6,0.125
/home/celia/jfreechart/source/org/jfree/chart/event/MarkerChangeListener.java,MarkerChangeListener.java,58,52,0.8965517,1,0.8965517
/home/celia/jfreechart/source/org/jfree/chart/event/PlotChangeEvent.java,PlotChangeEvent.java,70,59,0.8428571,2,0.42142856
/home/celia/jfreechart/source/org/jfree/chart/event/ChartProgressListener.java,ChartProgressListener.java,53,48,0.9056604,1,0.9056604
/home/celia/jfreechart/source/org/jfree/chart/event/TitleChangeEvent.java,TitleChangeEvent.java,70,59,0.8428571,2,0.42142856
/home/celia/jfreechart/source/org/jfree/chart/event/MarkerChangeEvent.java,MarkerChangeEvent.java,73,62,0.84931505,2,0.42465752
/home/celia/jfreechart/source/org/jfree/chart/event/ChartChangeEventType.java,ChartChangeEventType.java,124,81,0.6532258,9,0.07258064
/home/celia/jfreechart/source/org/jfree/chart/event/OverlayChangeListener.java,OverlayChangeListener.java,55,49,0.8909091,1,0.8909091
/home/celia/jfreechart/source/org/jfree/chart/event/AxisChangeListener.java,AxisChangeListener.java,61,56,0.91803277,1,0.91803277
/home/celia/jfreechart/source/org/jfree/chart/event/ChartProgressEvent.java,ChartProgressEvent.java,121,90,0.74380165,6,0.12396694
/home/celia/jfreechart/source/org/jfree/chart/event/ChartChangeListener.java,ChartChangeListener.java,60,55,0.9166667,1,0.9166667
/home/celia/jfreechart/source/org/jfree/chart/event/PlotChangeListener.java,PlotChangeListener.java,57,52,0.9122807,1,0.9122807
/home/celia/jfreechart/source/org/jfree/chart/event/AnnotationChangeEvent.java,AnnotationChangeEvent.java,76,63,0.82894737,2,0.41447368
/home/celia/jfreechart/source/org/jfree/chart/event/TitleChangeListener.java,TitleChangeListener.java,57,52,0.9122807,1,0.9122807
/home/celia/jfreechart/source/org/jfree/chart/event/OverlayChangeEvent.java,OverlayChangeEvent.java,57,49,0.8596491,1,0.8596491
/home/celia/jfreechart/source/org/jfree/chart/event/AxisChangeEvent.java,AxisChangeEvent.java,66,55,0.8333333,2,0.41666666
/home/celia/jfreechart/source/org/jfree/chart/event/AnnotationChangeListener.java,AnnotationChangeListener.java,58,52,0.8965517,1,0.8965517
/home/celia/jfreechart/source/org/jfree/chart/event/RendererChangeEvent.java,RendererChangeEvent.java,99,80,0.8080808,3,0.26936027
/home/celia/jfreechart/source/org/jfree/chart/ClipPath.java,ClipPath.java,386,223,0.5777202,28,0.020632865
/home/celia/jfreechart/source/org/jfree/chart/editor/PaletteChooserPanel.java,PaletteChooserPanel.java,82,60,0.73170733,1,0.73170733
/home/celia/jfreechart/source/org/jfree/chart/editor/DefaultPolarPlotEditor.java,DefaultPolarPlotEditor.java,173,70,0.40462428,12,0.03371869
/home/celia/jfreechart/source/org/jfree/chart/editor/DefaultColorBarEditor.java,DefaultColorBarEditor.java,201,94,0.46766168,8,0.05845771
/home/celia/jfreechart/source/org/jfree/chart/editor/ChartEditorFactory.java,ChartEditorFactory.java,54,49,0.9074074,1,0.9074074
/home/celia/jfreechart/source/org/jfree/chart/editor/DefaultChartEditor.java,DefaultChartEditor.java,241,98,0.406639,11,0.036967184
/home/celia/jfreechart/source/org/jfree/chart/editor/DefaultPlotEditor.java,DefaultPlotEditor.java,603,206,0.3416252,54,0.0063263928
/home/celia/jfreechart/source/org/jfree/chart/editor/ChartEditor.java,ChartEditor.java,56,50,0.89285713,1,0.89285713
/home/celia/jfreechart/source/org/jfree/chart/editor/DefaultAxisEditor.java,DefaultAxisEditor.java,454,235,0.51762116,24,0.021567548
/home/celia/jfreechart/source/org/jfree/chart/editor/ChartEditorManager.java,ChartEditorManager.java,86,68,0.7906977,5,0.15813954
/home/celia/jfreechart/source/org/jfree/chart/editor/DefaultNumberAxisEditor.java,DefaultNumberAxisEditor.java,154,61,0.3961039,11,0.036009446
/home/celia/jfreechart/source/org/jfree/chart/editor/DefaultValueAxisEditor.java,DefaultValueAxisEditor.java,365,145,0.39726028,26,0.015279242
/home/celia/jfreechart/source/org/jfree/chart/editor/DefaultChartEditorFactory.java,DefaultChartEditorFactory.java,61,52,0.852459,2,0.4262295
/home/celia/jfreechart/source/org/jfree/chart/editor/DefaultLogAxisEditor.java,DefaultLogAxisEditor.java,137,58,0.42335767,10,0.042335767
/home/celia/jfreechart/source/org/jfree/chart/editor/PaletteSample.java,PaletteSample.java,155,90,0.58064514,7,0.0829493
/home/celia/jfreechart/source/org/jfree/chart/editor/DefaultTitleEditor.java,DefaultTitleEditor.java,264,111,0.42045453,15,0.028030302
/home/celia/jfreechart/source/org/jfree/chart/imagemap/ToolTipTagFragmentGenerator.java,ToolTipTagFragmentGenerator.java,61,57,0.93442625,1,0.93442625
/home/celia/jfreechart/source/org/jfree/chart/imagemap/StandardToolTipTagFragmentGenerator.java,StandardToolTipTagFragmentGenerator.java,64,53,0.828125,2,0.4140625
/home/celia/jfreechart/source/org/jfree/chart/imagemap/ImageMapUtilities.java,ImageMapUtilities.java,259,133,0.5135135,14,0.036679536
/home/celia/jfreechart/source/org/jfree/chart/imagemap/StandardURLTagFragmentGenerator.java,StandardURLTagFragmentGenerator.java,65,55,0.84615386,2,0.42307693
/home/celia/jfreechart/source/org/jfree/chart/imagemap/DynamicDriveToolTipTagFragmentGenerator.java,DynamicDriveToolTipTagFragmentGenerator.java,85,67,0.7882353,3,0.2627451
/home/celia/jfreechart/source/org/jfree/chart/imagemap/OverLIBToolTipTagFragmentGenerator.java,OverLIBToolTipTagFragmentGenerator.java,68,56,0.8235294,2,0.4117647
/home/celia/jfreechart/source/org/jfree/chart/imagemap/URLTagFragmentGenerator.java,URLTagFragmentGenerator.java,62,54,0.87096775,1,0.87096775
/home/celia/jfreechart/source/org/jfree/chart/StrokeMap.java,StrokeMap.java,201,116,0.5771144,17,0.033947907
/home/celia/jfreechart/source/org/jfree/chart/HashUtilities.java,HashUtilities.java,327,199,0.6085627,29,0.020984922
/home/celia/jfreechart/source/org/jfree/chart/encoders/ImageFormat.java,ImageFormat.java,52,49,0.9423077,1,0.9423077
/home/celia/jfreechart/source/org/jfree/chart/encoders/KeypointPNGEncoderAdapter.java,KeypointPNGEncoderAdapter.java,129,89,0.68992245,8,0.08624031
/home/celia/jfreechart/source/org/jfree/chart/encoders/SunPNGEncoderAdapter.java,SunPNGEncoderAdapter.java,119,86,0.7226891,7,0.1032413
/home/celia/jfreechart/source/org/jfree/chart/encoders/EncoderUtil.java,EncoderUtil.java,179,125,0.698324,1,0.698324
/home/celia/jfreechart/source/org/jfree/chart/encoders/SunJPEGEncoderAdapter.java,SunJPEGEncoderAdapter.java,164,109,0.66463417,9,0.07384824
/home/celia/jfreechart/source/org/jfree/chart/encoders/ImageEncoder.java,ImageEncoder.java,95,82,0.86315787,1,0.86315787
/home/celia/jfreechart/source/org/jfree/chart/encoders/ImageEncoderFactory.java,ImageEncoderFactory.java,143,95,0.66433567,4,0.16608392
/home/celia/jfreechart/source/org/jfree/chart/resources/JFreeChartResources.java,JFreeChartResources.java,58,51,0.87931037,2,0.43965518
/home/celia/jfreechart/source/org/jfree/chart/StandardChartTheme.java,StandardChartTheme.java,1758,752,0.4277588,225,0.0019011503
/home/celia/jfreechart/source/org/jfree/chart/JFreeChart.java,JFreeChart.java,1738,854,0.4913694,147,0.003342649
/home/celia/jfreechart/source/org/jfree/chart/ChartMouseEvent.java,ChartMouseEvent.java,105,80,0.7619048,3,0.25396827
/home/celia/jfreechart/source/org/jfree/chart/labels/XYZToolTipGenerator.java,XYZToolTipGenerator.java,59,54,0.91525424,1,0.91525424
/home/celia/jfreechart/source/org/jfree/chart/labels/StandardCrosshairLabelGenerator.java,StandardCrosshairLabelGenerator.java,145,87,0.6,12,0.05
/home/celia/jfreechart/source/org/jfree/chart/labels/CategorySeriesLabelGenerator.java,CategorySeriesLabelGenerator.java,62,57,0.91935486,1,0.91935486
/home/celia/jfreechart/source/org/jfree/chart/labels/AbstractXYItemLabelGenerator.java,AbstractXYItemLabelGenerator.java,342,186,0.54385966,29,0.018753782
/home/celia/jfreechart/source/org/jfree/chart/labels/XYSeriesLabelGenerator.java,XYSeriesLabelGenerator.java,63,58,0.9206349,1,0.9206349
/home/celia/jfreechart/source/org/jfree/chart/labels/IntervalXYItemLabelGenerator.java,IntervalXYItemLabelGenerator.java,245,126,0.51428574,15,0.034285717
/home/celia/jfreechart/source/org/jfree/chart/labels/StandardXYZToolTipGenerator.java,StandardXYZToolTipGenerator.java,233,128,0.5493562,16,0.034334764
/home/celia/jfreechart/source/org/jfree/chart/labels/BubbleXYItemLabelGenerator.java,BubbleXYItemLabelGenerator.java,251,138,0.5498008,18,0.03054449
/home/celia/jfreechart/source/org/jfree/chart/labels/StandardXYSeriesLabelGenerator.java,StandardXYSeriesLabelGenerator.java,157,102,0.6496815,12,0.054140124
/home/celia/jfreechart/source/org/jfree/chart/labels/StandardContourToolTipGenerator.java,StandardContourToolTipGenerator.java,122,68,0.55737704,7,0.07962529
/home/celia/jfreechart/source/org/jfree/chart/labels/PieSectionLabelGenerator.java,PieSectionLabelGenerator.java,102,91,0.89215684,1,0.89215684
/home/celia/jfreechart/source/org/jfree/chart/labels/StandardPieSectionLabelGenerator.java,StandardPieSectionLabelGenerator.java,230,159,0.6913043,13,0.053177256
/home/celia/jfreechart/source/org/jfree/chart/labels/CrosshairLabelGenerator.java,CrosshairLabelGenerator.java,56,51,0.91071427,1,0.91071427
/home/celia/jfreechart/source/org/jfree/chart/labels/StandardCategoryItemLabelGenerator.java,StandardCategoryItemLabelGenerator.java,135,96,0.7111111,5,0.14222223
/home/celia/jfreechart/source/org/jfree/chart/labels/HighLowItemLabelGenerator.java,HighLowItemLabelGenerator.java,208,111,0.53365386,20,0.026682694
/home/celia/jfreechart/source/org/jfree/chart/labels/StandardXYItemLabelGenerator.java,StandardXYItemLabelGenerator.java,194,144,0.742268,7,0.10603829
/home/celia/jfreechart/source/org/jfree/chart/labels/ItemLabelAnchor.java,ItemLabelAnchor.java,254,125,0.492126,8,0.06151575
/home/celia/jfreechart/source/org/jfree/chart/labels/BoxAndWhiskerToolTipGenerator.java,BoxAndWhiskerToolTipGenerator.java,136,87,0.6397059,5,0.12794118
/home/celia/jfreechart/source/org/jfree/chart/labels/StandardPieToolTipGenerator.java,StandardPieToolTipGenerator.java,157,122,0.77707005,6,0.12951167
/home/celia/jfreechart/source/org/jfree/chart/labels/IntervalCategoryToolTipGenerator.java,IntervalCategoryToolTipGenerator.java,140,83,0.5928571,7,0.08469387
/home/celia/jfreechart/source/org/jfree/chart/labels/PieToolTipGenerator.java,PieToolTipGenerator.java,58,53,0.9137931,1,0.9137931
/home/celia/jfreechart/source/org/jfree/chart/labels/ContourToolTipGenerator.java,ContourToolTipGenerator.java,64,57,0.890625,1,0.890625
/home/celia/jfreechart/source/org/jfree/chart/labels/BoxAndWhiskerXYToolTipGenerator.java,BoxAndWhiskerXYToolTipGenerator.java,153,99,0.64705884,6,0.10784314
/home/celia/jfreechart/source/org/jfree/chart/labels/MultipleXYSeriesLabelGenerator.java,MultipleXYSeriesLabelGenerator.java,221,110,0.49773756,21,0.023701789
/home/celia/jfreechart/source/org/jfree/chart/labels/XYItemLabelGenerator.java,XYItemLabelGenerator.java,66,61,0.92424244,1,0.92424244
/home/celia/jfreechart/source/org/jfree/chart/labels/SymbolicXYItemLabelGenerator.java,SymbolicXYItemLabelGenerator.java,162,101,0.6234568,11,0.05667789
/home/celia/jfreechart/source/org/jfree/chart/labels/ItemLabelPosition.java,ItemLabelPosition.java,173,104,0.60115606,15,0.04007707
/home/celia/jfreechart/source/org/jfree/chart/labels/StandardXYToolTipGenerator.java,StandardXYToolTipGenerator.java,174,124,0.7126437,7,0.10180624
/home/celia/jfreechart/source/org/jfree/chart/labels/AbstractPieItemLabelGenerator.java,AbstractPieItemLabelGenerator.java,225,120,0.53333336,22,0.024242425
/home/celia/jfreechart/source/org/jfree/chart/labels/XYToolTipGenerator.java,XYToolTipGenerator.java,59,54,0.91525424,1,0.91525424
/home/celia/jfreechart/source/org/jfree/chart/labels/CustomXYToolTipGenerator.java,CustomXYToolTipGenerator.java,175,103,0.5885714,18,0.03269841
/home/celia/jfreechart/source/org/jfree/chart/labels/StandardCategorySeriesLabelGenerator.java,StandardCategorySeriesLabelGenerator.java,150,96,0.64,12,0.05333333
/home/celia/jfreechart/source/org/jfree/chart/labels/CategoryToolTipGenerator.java,CategoryToolTipGenerator.java,66,61,0.92424244,1,0.92424244
/home/celia/jfreechart/source/org/jfree/chart/labels/StandardCategoryToolTipGenerator.java,StandardCategoryToolTipGenerator.java,118,83,0.7033898,4,0.17584746
/home/celia/jfreechart/source/org/jfree/chart/labels/IntervalCategoryItemLabelGenerator.java,IntervalCategoryItemLabelGenerator.java,125,73,0.584,4,0.146
/home/celia/jfreechart/source/org/jfree/chart/labels/CategoryItemLabelGenerator.java,CategoryItemLabelGenerator.java,100,93,0.93,1,0.93
/home/celia/jfreechart/source/org/jfree/chart/labels/AbstractCategoryItemLabelGenerator.java,AbstractCategoryItemLabelGenerator.java,306,164,0.53594774,24,0.022331156
/home/celia/jfreechart/source/org/jfree/chart/LegendItem.java,LegendItem.java,1082,651,0.6016636,90,0.006685151
/home/celia/jfreechart/source/org/jfree/chart/util/LogFormat.java,LogFormat.java,242,148,0.61157024,20,0.030578513
/home/celia/jfreechart/source/org/jfree/chart/util/RelativeDateFormat.java,RelativeDateFormat.java,576,312,0.5416667,55,0.009848485
/home/celia/jfreechart/source/org/jfree/chart/util/ParamChecks.java,ParamChecks.java,65,57,0.8769231,2,0.43846154
/home/celia/jfreechart/source/org/jfree/chart/util/LineUtilities.java,LineUtilities.java,132,61,0.46212122,6,0.077020206
/home/celia/jfreechart/source/org/jfree/chart/util/ResourceBundleWrapper.java,ResourceBundleWrapper.java,158,112,0.70886075,7,0.101265825
/home/celia/jfreechart/source/org/jfree/chart/util/ShadowGenerator.java,ShadowGenerator.java,72,65,0.9027778,1,0.9027778
/home/celia/jfreechart/source/org/jfree/chart/util/HexNumberFormat.java,HexNumberFormat.java,139,100,0.7194245,6,0.11990408
/home/celia/jfreechart/source/org/jfree/chart/util/DefaultShadowGenerator.java,DefaultShadowGenerator.java,287,136,0.4738676,28,0.016923843
/home/celia/jfreechart/source/org/jfree/chart/util/XYCoordinateType.java,XYCoordinateType.java,123,83,0.67479676,8,0.084349595
/home/celia/jfreechart/source/org/jfree/chart/util/PaintAlpha.java,PaintAlpha.java,459,291,0.63398695,29,0.021861618
/home/celia/jfreechart/source/org/jfree/chart/ChartTransferable.java,ChartTransferable.java,250,151,0.604,7,0.08628571
/home/celia/jfreechart/source/org/jfree/chart/LegendItemSource.java,LegendItemSource.java,53,49,0.9245283,1,0.9245283
/home/celia/jfreechart/source/org/jfree/chart/ChartMouseListener.java,ChartMouseListener.java,67,61,0.9104478,1,0.9104478
/home/celia/jfreechart/source/org/jfree/chart/PolarChartPanel.java,PolarChartPanel.java,237,126,0.5316456,15,0.03544304
/home/celia/jfreechart/source/org/jfree/chart/DrawableLegendItem.java,DrawableLegendItem.java,224,160,0.71428573,17,0.042016808
/home/celia/jfreechart/source/org/jfree/chart/needle/ShipNeedle.java,ShipNeedle.java,124,79,0.63709676,7,0.09101383
/home/celia/jfreechart/source/org/jfree/chart/needle/WindNeedle.java,WindNeedle.java,113,72,0.63716817,7,0.091024026
/home/celia/jfreechart/source/org/jfree/chart/needle/PointerNeedle.java,PointerNeedle.java,144,79,0.5486111,10,0.05486111
/home/celia/jfreechart/source/org/jfree/chart/needle/LongNeedle.java,LongNeedle.java,166,83,0.5,11,0.045454547
/home/celia/jfreechart/source/org/jfree/chart/needle/PlumNeedle.java,PlumNeedle.java,125,78,0.624,7,0.08914286
/home/celia/jfreechart/source/org/jfree/chart/needle/MiddlePinNeedle.java,MiddlePinNeedle.java,136,80,0.5882353,8,0.073529415
/home/celia/jfreechart/source/org/jfree/chart/needle/MeterNeedle.java,MeterNeedle.java,386,212,0.5492228,38,0.014453232
/home/celia/jfreechart/source/org/jfree/chart/needle/LineNeedle.java,LineNeedle.java,115,78,0.67826086,6,0.11304348
/home/celia/jfreechart/source/org/jfree/chart/needle/ArrowNeedle.java,ArrowNeedle.java,163,87,0.5337423,11,0.04852203
/home/celia/jfreechart/source/org/jfree/chart/needle/PinNeedle.java,PinNeedle.java,135,80,0.5925926,8,0.074074075
/home/celia/jfreechart/source/org/jfree/chart/PaintMap.java,PaintMap.java,206,121,0.5873786,17,0.034551684
/home/celia/jfreechart/source/org/jfree/chart/entity/CategoryLabelEntity.java,CategoryLabelEntity.java,119,78,0.6554622,7,0.09363746
/home/celia/jfreechart/source/org/jfree/chart/entity/AxisEntity.java,AxisEntity.java,193,118,0.61139894,15,0.04075993
/home/celia/jfreechart/source/org/jfree/chart/entity/PlotEntity.java,PlotEntity.java,193,118,0.61139894,15,0.04075993
/home/celia/jfreechart/source/org/jfree/chart/entity/EntityCollection.java,EntityCollection.java,106,93,0.8773585,1,0.8773585
/home/celia/jfreechart/source/org/jfree/chart/entity/ChartEntity.java,ChartEntity.java,409,227,0.5550122,37,0.01500033
/home/celia/jfreechart/source/org/jfree/chart/entity/CategoryItemEntity.java,CategoryItemEntity.java,355,240,0.6760563,25,0.027042253
/home/celia/jfreechart/source/org/jfree/chart/entity/XYItemEntity.java,XYItemEntity.java,165,112,0.6787879,12,0.056565657
/home/celia/jfreechart/source/org/jfree/chart/entity/TickLabelEntity.java,TickLabelEntity.java,61,52,0.852459,1,0.852459
/home/celia/jfreechart/source/org/jfree/chart/entity/PieSectionEntity.java,PieSectionEntity.java,228,150,0.65789473,17,0.03869969
/home/celia/jfreechart/source/org/jfree/chart/entity/JFreeChartEntity.java,JFreeChartEntity.java,193,118,0.61139894,15,0.04075993
/home/celia/jfreechart/source/org/jfree/chart/entity/StandardEntityCollection.java,StandardEntityCollection.java,187,118,0.631016,17,0.037118588
/home/celia/jfreechart/source/org/jfree/chart/entity/TitleEntity.java,TitleEntity.java,193,118,0.61139894,15,0.04075993
/home/celia/jfreechart/source/org/jfree/chart/entity/ContourEntity.java,ContourEntity.java,127,90,0.70866144,9,0.07874016
/home/celia/jfreechart/source/org/jfree/chart/entity/XYAnnotationEntity.java,XYAnnotationEntity.java,105,71,0.6761905,7,0.09659864
/home/celia/jfreechart/source/org/jfree/chart/entity/LegendItemEntity.java,LegendItemEntity.java,197,140,0.7106599,15,0.04737733
/home/celia/jfreechart/source/org/jfree/chart/Effect3D.java,Effect3D.java,59,54,0.91525424,1,0.91525424
/home/celia/jfreechart/MeasureDoc.java,MeasureDoc.java,110,30,0.27272728,13,0.02097902
/home/celia/jfreechart/swt/org/jfree/experimental/swt/SWTUtils.java,SWTUtils.java,439,198,0.45102507,33,0.013667426
/home/celia/jfreechart/swt/org/jfree/experimental/swt/SWTGraphics2D.java,SWTGraphics2D.java,1378,764,0.5544267,110,0.005040243
/home/celia/jfreechart/swt/org/jfree/experimental/swt/SWTPaintCanvas.java,SWTPaintCanvas.java,125,80,0.64,9,0.07111111
/home/celia/jfreechart/swt/org/jfree/experimental/chart/swt/editor/SWTTitleEditor.java,SWTTitleEditor.java,260,105,0.40384614,12,0.033653844
/home/celia/jfreechart/swt/org/jfree/experimental/chart/swt/editor/SWTNumberAxisEditor.java,SWTNumberAxisEditor.java,227,101,0.44493392,13,0.034225687
/home/celia/jfreechart/swt/org/jfree/experimental/chart/swt/editor/SWTChartEditor.java,SWTChartEditor.java,157,71,0.4522293,6,0.07537155
/home/celia/jfreechart/swt/org/jfree/experimental/chart/swt/editor/SWTStrokeCanvas.java,SWTStrokeCanvas.java,116,65,0.5603448,7,0.08004926
/home/celia/jfreechart/swt/org/jfree/experimental/chart/swt/editor/SWTPlotEditor.java,SWTPlotEditor.java,199,87,0.43718594,15,0.029145729
/home/celia/jfreechart/swt/org/jfree/experimental/chart/swt/editor/SWTOtherEditor.java,SWTOtherEditor.java,135,63,0.46666667,4,0.11666667
/home/celia/jfreechart/swt/org/jfree/experimental/chart/swt/editor/SWTAxisEditor.java,SWTAxisEditor.java,354,144,0.40677965,19,0.021409456
/home/celia/jfreechart/swt/org/jfree/experimental/chart/swt/editor/SWTPlotAppearanceEditor.java,SWTPlotAppearanceEditor.java,258,79,0.30620155,14,0.021871539
/home/celia/jfreechart/swt/org/jfree/experimental/chart/swt/ChartPrintJob.java,ChartPrintJob.java,160,72,0.45,4,0.1125
/home/celia/jfreechart/swt/org/jfree/experimental/chart/swt/ChartComposite.java,ChartComposite.java,1715,694,0.40466473,147,0.0027528212
/home/celia/jfreechart/swt/org/jfree/experimental/chart/swt/demo/SWTPieChartDemo1.java,SWTPieChartDemo1.java,116,63,0.54310346,4,0.13577586
/home/celia/jfreechart/swt/org/jfree/experimental/chart/swt/demo/SWTMultipleAxisDemo1.java,SWTMultipleAxisDemo1.java,195,71,0.36410257,5,0.072820514
/home/celia/jfreechart/swt/org/jfree/experimental/chart/swt/demo/SWTTimeSeriesDemo.java,SWTTimeSeriesDemo.java,172,68,0.39534885,6,0.065891474
/home/celia/jfreechart/swt/org/jfree/experimental/chart/swt/demo/SWTBarChartDemo1.java,SWTBarChartDemo1.java,156,79,0.50641024,5,0.101282045
/home/celia/jfreechart/tests/org/jfree/data/general/junit/DefaultKeyedValues2DDatasetTests.java,DefaultKeyedValues2DDatasetTests.java,116,58,0.5,4,0.125
/home/celia/jfreechart/tests/org/jfree/data/general/junit/DatasetUtilitiesTests.java,DatasetUtilitiesTests.java,1166,299,0.25643224,60,0.0042738705
/home/celia/jfreechart/tests/org/jfree/data/general/junit/DefaultHeatMapDatasetTests.java,DefaultHeatMapDatasetTests.java,218,79,0.36238533,8,0.045298167
/home/celia/jfreechart/tests/org/jfree/data/general/junit/IntervalDataItem.java,IntervalDataItem.java,63,43,0.6825397,4,0.17063493
/home/celia/jfreechart/tests/org/jfree/data/general/junit/TestIntervalCategoryDataset.java,TestIntervalCategoryDataset.java,421,246,0.58432305,38,0.015376923
/home/celia/jfreechart/tests/org/jfree/data/general/junit/DefaultKeyedValuesDatasetTests.java,DefaultKeyedValuesDatasetTests.java,117,58,0.4957265,4,0.123931624
/home/celia/jfreechart/tests/org/jfree/data/general/junit/DefaultPieDatasetTests.java,DefaultPieDatasetTests.java,191,75,0.39267015,8,0.04908377
/home/celia/jfreechart/tests/org/jfree/data/general/junit/DataGeneralPackageTests.java,DataGeneralPackageTests.java,84,61,0.72619045,3,0.24206348
/home/celia/jfreechart/tests/org/jfree/data/general/junit/DatasetGroupTests.java,DatasetGroupTests.java,93,55,0.5913978,3,0.1971326
/home/celia/jfreechart/tests/org/jfree/data/general/junit/DefaultKeyedValueDatasetTests.java,DefaultKeyedValueDatasetTests.java,147,64,0.43537414,6,0.07256236
/home/celia/jfreechart/tests/org/jfree/data/xy/junit/CategoryTableXYDatasetTests.java,CategoryTableXYDatasetTests.java,209,76,0.36363637,8,0.045454547
/home/celia/jfreechart/tests/org/jfree/data/xy/junit/VectorSeriesTests.java,VectorSeriesTests.java,278,99,0.3561151,14,0.025436793
/home/celia/jfreechart/tests/org/jfree/data/xy/junit/YIntervalSeriesTests.java,YIntervalSeriesTests.java,276,98,0.35507247,14,0.025362318
/home/celia/jfreechart/tests/org/jfree/data/xy/junit/XIntervalSeriesCollectionTests.java,XIntervalSeriesCollectionTests.java,194,86,0.44329897,8,0.05541237
/home/celia/jfreechart/tests/org/jfree/data/xy/junit/DefaultXYDatasetTests.java,DefaultXYDatasetTests.java,254,101,0.39763778,10,0.03976378
/home/celia/jfreechart/tests/org/jfree/data/xy/junit/YIntervalDataItemTests.java,YIntervalDataItemTests.java,148,68,0.45945945,6,0.076576576
/home/celia/jfreechart/tests/org/jfree/data/xy/junit/XYIntervalTests.java,XYIntervalTests.java,127,61,0.48031497,5,0.096062995
/home/celia/jfreechart/tests/org/jfree/data/xy/junit/VectorTests.java,VectorTests.java,128,65,0.5078125,6,0.084635414
/home/celia/jfreechart/tests/org/jfree/data/xy/junit/MatrixSeriesCollectionTests.java,MatrixSeriesCollectionTests.java,146,66,0.4520548,6,0.07534247
/home/celia/jfreechart/tests/org/jfree/data/xy/junit/DefaultXYZDatasetTests.java,DefaultXYZDatasetTests.java,259,101,0.3899614,10,0.038996138
/home/celia/jfreechart/tests/org/jfree/data/xy/junit/YWithXIntervalTests.java,YWithXIntervalTests.java,119,61,0.5126051,5,0.10252102
/home/celia/jfreechart/tests/org/jfree/data/xy/junit/XIntervalSeriesTests.java,XIntervalSeriesTests.java,297,105,0.35353535,16,0.02209596
/home/celia/jfreechart/tests/org/jfree/data/xy/junit/XYIntervalDataItemTests.java,XYIntervalDataItemTests.java,165,70,0.42424244,6,0.070707075
/home/celia/jfreechart/tests/org/jfree/data/xy/junit/VectorSeriesCollectionTests.java,VectorSeriesCollectionTests.java,168,70,0.41666666,7,0.05952381
/home/celia/jfreechart/tests/org/jfree/data/xy/junit/YIntervalTests.java,YIntervalTests.java,119,61,0.5126051,5,0.10252102
/home/celia/jfreechart/tests/org/jfree/data/xy/junit/TableXYDatasetTests.java,TableXYDatasetTests.java,280,123,0.43928573,15,0.029285716
/home/celia/jfreechart/tests/org/jfree/data/xy/junit/XYIntervalSeriesTests.java,XYIntervalSeriesTests.java,290,102,0.35172415,15,0.023448277
/home/celia/jfreechart/tests/org/jfree/data/xy/junit/YIntervalSeriesCollectionTests.java,YIntervalSeriesCollectionTests.java,194,86,0.44329897,8,0.05541237
/home/celia/jfreechart/tests/org/jfree/data/xy/junit/OHLCDataItemTests.java,OHLCDataItemTests.java,118,61,0.5169492,5,0.10338984
/home/celia/jfreechart/tests/org/jfree/data/xy/junit/IntervalXYDelegateTests.java,IntervalXYDelegateTests.java,149,62,0.4161074,5,0.08322148
/home/celia/jfreechart/tests/org/jfree/data/xy/junit/DataXYPackageTests.java,DataXYPackageTests.java,119,69,0.57983196,3,0.19327731
/home/celia/jfreechart/tests/org/jfree/data/xy/junit/DefaultTableXYDatasetTests.java,DefaultTableXYDatasetTests.java,214,77,0.3598131,8,0.044976637
/home/celia/jfreechart/tests/org/jfree/data/xy/junit/DefaultOHLCDatasetTests.java,DefaultOHLCDatasetTests.java,185,73,0.39459458,8,0.049324322
/home/celia/jfreechart/tests/org/jfree/data/xy/junit/DefaultIntervalXYDatasetTests.java,DefaultIntervalXYDatasetTests.java,374,129,0.3449198,19,0.018153673
/home/celia/jfreechart/tests/org/jfree/data/xy/junit/XYSeriesTests.java,XYSeriesTests.java,686,170,0.24781342,37,0.00669766
/home/celia/jfreechart/tests/org/jfree/data/xy/junit/XYBarDatasetTests.java,XYBarDatasetTests.java,159,66,0.41509435,6,0.06918239
/home/celia/jfreechart/tests/org/jfree/data/xy/junit/VectorDataItemTests.java,VectorDataItemTests.java,145,65,0.44827586,6,0.07471264
/home/celia/jfreechart/tests/org/jfree/data/xy/junit/XYIntervalSeriesCollectionTests.java,XYIntervalSeriesCollectionTests.java,201,88,0.43781096,8,0.05472637
/home/celia/jfreechart/tests/org/jfree/data/xy/junit/MatrixSeriesTests.java,MatrixSeriesTests.java,183,70,0.38251367,8,0.04781421
/home/celia/jfreechart/tests/org/jfree/data/xy/junit/DefaultWindDatasetTests.java,DefaultWindDatasetTests.java,226,103,0.45575222,10,0.045575224
/home/celia/jfreechart/tests/org/jfree/data/xy/junit/XYDataItemTests.java,XYDataItemTests.java,116,61,0.5258621,5,0.10517242
/home/celia/jfreechart/tests/org/jfree/data/xy/junit/XYSeriesCollectionTests.java,XYSeriesCollectionTests.java,427,130,0.30444965,18,0.016913868
/home/celia/jfreechart/tests/org/jfree/data/xy/junit/XYCoordinateTests.java,XYCoordinateTests.java,128,65,0.5078125,6,0.084635414
/home/celia/jfreechart/tests/org/jfree/data/xy/junit/XIntervalDataItemTests.java,XIntervalDataItemTests.java,148,68,0.45945945,6,0.076576576
/home/celia/jfreechart/tests/org/jfree/data/xy/junit/DefaultHighLowDatasetTests.java,DefaultHighLowDatasetTests.java,203,65,0.32019705,6,0.053366173
/home/celia/jfreechart/tests/org/jfree/data/junit/DefaultKeyedValuesTests.java,DefaultKeyedValuesTests.java,469,181,0.3859275,21,0.0183775
/home/celia/jfreechart/tests/org/jfree/data/junit/DomainOrderTests.java,DomainOrderTests.java,123,61,0.49593496,5,0.099186994
/home/celia/jfreechart/tests/org/jfree/data/junit/KeyedObjectsTests.java,KeyedObjectsTests.java,367,108,0.29427794,13,0.022636764
/home/celia/jfreechart/tests/org/jfree/data/junit/KeyedObjectTests.java,KeyedObjectTests.java,162,69,0.42592594,6,0.07098766
/home/celia/jfreechart/tests/org/jfree/data/junit/KeyToGroupMapTests.java,KeyToGroupMapTests.java,250,102,0.408,10,0.040799998
/home/celia/jfreechart/tests/org/jfree/data/junit/RangeTypeTests.java,RangeTypeTests.java,123,61,0.49593496,5,0.099186994
/home/celia/jfreechart/tests/org/jfree/data/junit/ComparableObjectSeriesTests.java,ComparableObjectSeriesTests.java,224,94,0.41964287,10,0.041964285
/home/celia/jfreechart/tests/org/jfree/data/junit/RangeTests.java,RangeTests.java,319,102,0.3197492,14,0.02283923
/home/celia/jfreechart/tests/org/jfree/data/junit/DataPackageTests.java,DataPackageTests.java,98,69,0.70408165,3,0.23469388
/home/celia/jfreechart/tests/org/jfree/data/junit/DefaultKeyedValueTests.java,DefaultKeyedValueTests.java,146,76,0.5205479,6,0.08675799
/home/celia/jfreechart/tests/org/jfree/data/junit/DefaultKeyedValues2DTests.java,DefaultKeyedValues2DTests.java,332,104,0.31325302,16,0.019578313
/home/celia/jfreechart/tests/org/jfree/data/junit/ComparableObjectItemTests.java,ComparableObjectItemTests.java,161,76,0.47204968,7,0.06743567
/home/celia/jfreechart/tests/org/jfree/data/junit/KeyedObjects2DTests.java,KeyedObjects2DTests.java,384,100,0.26041666,13,0.02003205
/home/celia/jfreechart/tests/org/jfree/data/junit/DataUtilitiesTests.java,DataUtilitiesTests.java,230,76,0.33043477,9,0.036714975
/home/celia/jfreechart/tests/org/jfree/data/function/junit/PowerFunction2DTests.java,PowerFunction2DTests.java,123,65,0.52845526,6,0.088075876
/home/celia/jfreechart/tests/org/jfree/data/function/junit/PolynomialFunction2DTests.java,PolynomialFunction2DTests.java,156,73,0.4679487,8,0.058493588
/home/celia/jfreechart/tests/org/jfree/data/function/junit/NormalDistributionFunction2DTests.java,NormalDistributionFunction2DTests.java,129,65,0.503876,6,0.08397933
/home/celia/jfreechart/tests/org/jfree/data/function/junit/LineFunction2DTests.java,LineFunction2DTests.java,122,65,0.5327869,6,0.088797815
/home/celia/jfreechart/tests/org/jfree/data/function/junit/DataFunctionPackageTests.java,DataFunctionPackageTests.java,79,59,0.7468355,3,0.24894516
/home/celia/jfreechart/tests/org/jfree/data/time/junit/TimePeriodValueTests.java,TimePeriodValueTests.java,116,65,0.5603448,6,0.0933908
/home/celia/jfreechart/tests/org/jfree/data/time/junit/SecondTests.java,SecondTests.java,328,123,0.375,20,0.01875
/home/celia/jfreechart/tests/org/jfree/data/time/junit/MonthTests.java,MonthTests.java,395,151,0.38227847,25,0.015291139
/home/celia/jfreechart/tests/org/jfree/data/time/junit/TimeSeriesCollectionTests.java,TimeSeriesCollectionTests.java,392,119,0.30357143,14,0.021683674
/home/celia/jfreechart/tests/org/jfree/data/time/junit/TimeTableXYDatasetTests.java,TimeTableXYDatasetTests.java,178,73,0.41011235,8,0.051264044
/home/celia/jfreechart/tests/org/jfree/data/time/junit/WeekTests.java,WeekTests.java,483,181,0.3747412,26,0.014413123
/home/celia/jfreechart/tests/org/jfree/data/time/junit/TimeSeriesTests.java,TimeSeriesTests.java,995,303,0.3045226,45,0.006767169
/home/celia/jfreechart/tests/org/jfree/data/time/junit/MillisecondTests.java,MillisecondTests.java,352,131,0.3721591,21,0.017721862
/home/celia/jfreechart/tests/org/jfree/data/time/junit/HourTests.java,HourTests.java,364,143,0.39285713,25,0.015714286
/home/celia/jfreechart/tests/org/jfree/data/time/junit/YearTests.java,YearTests.java,384,144,0.375,25,0.015
/home/celia/jfreechart/tests/org/jfree/data/time/junit/MinuteTests.java,MinuteTests.java,341,129,0.37829912,21,0.018014243
/home/celia/jfreechart/tests/org/jfree/data/time/junit/TimePeriodValuesCollectionTests.java,TimePeriodValuesCollectionTests.java,230,90,0.39130434,9,0.04347826
/home/celia/jfreechart/tests/org/jfree/data/time/junit/DayTests.java,DayTests.java,380,153,0.40263158,26,0.01548583
/home/celia/jfreechart/tests/org/jfree/data/time/junit/TimeSeriesDataItemTests.java,TimeSeriesDataItemTests.java,130,67,0.5153846,6,0.08589744
/home/celia/jfreechart/tests/org/jfree/data/time/junit/DateRangeTests.java,DateRangeTests.java,131,66,0.5038168,6,0.08396947
/home/celia/jfreechart/tests/org/jfree/data/time/junit/TimePeriodAnchorTests.java,TimePeriodAnchorTests.java,101,58,0.57425743,4,0.14356436
/home/celia/jfreechart/tests/org/jfree/data/time/junit/DataTimePackageTests.java,DataTimePackageTests.java,98,61,0.622449,3,0.207483
/home/celia/jfreechart/tests/org/jfree/data/time/junit/MovingAverageTests.java,MovingAverageTests.java,114,63,0.55263156,4,0.13815789
/home/celia/jfreechart/tests/org/jfree/data/time/junit/QuarterTests.java,QuarterTests.java,413,167,0.40435836,26,0.015552244
/home/celia/jfreechart/tests/org/jfree/data/time/junit/SimpleTimePeriodTests.java,SimpleTimePeriodTests.java,197,81,0.4111675,10,0.04111675
/home/celia/jfreechart/tests/org/jfree/data/time/junit/FixedMillisecondTests.java,FixedMillisecondTests.java,124,68,0.5483871,6,0.09139785
/home/celia/jfreechart/tests/org/jfree/data/time/junit/TimePeriodValuesTests.java,TimePeriodValuesTests.java,390,123,0.31538463,19,0.016599191
/home/celia/jfreechart/tests/org/jfree/data/time/ohlc/junit/OHLCItemTests.java,OHLCItemTests.java,167,73,0.43712574,7,0.062446535
/home/celia/jfreechart/tests/org/jfree/data/time/ohlc/junit/OHLCTests.java,OHLCTests.java,135,65,0.4814815,6,0.08024692
/home/celia/jfreechart/tests/org/jfree/data/time/ohlc/junit/OHLCSeriesCollectionTests.java,OHLCSeriesCollectionTests.java,255,102,0.4,11,0.036363635
/home/celia/jfreechart/tests/org/jfree/data/time/ohlc/junit/OHLCPackageTests.java,OHLCPackageTests.java,79,59,0.7468355,3,0.24894516
/home/celia/jfreechart/tests/org/jfree/data/time/ohlc/junit/OHLCSeriesTests.java,OHLCSeriesTests.java,263,97,0.3688213,14,0.026344378
/home/celia/jfreechart/tests/org/jfree/data/category/junit/DataCategoryPackageTests.java,DataCategoryPackageTests.java,84,64,0.7619048,3,0.25396827
/home/celia/jfreechart/tests/org/jfree/data/category/junit/SlidingCategoryDatasetTests.java,SlidingCategoryDatasetTests.java,274,82,0.29927006,11,0.027206369
/home/celia/jfreechart/tests/org/jfree/data/category/junit/CategoryToPieDatasetTests.java,CategoryToPieDatasetTests.java,228,127,0.55701756,8,0.069627196
/home/celia/jfreechart/tests/org/jfree/data/category/junit/DefaultIntervalCategoryDatasetTests.java,DefaultIntervalCategoryDatasetTests.java,461,128,0.27765727,22,0.012620785
/home/celia/jfreechart/tests/org/jfree/data/category/junit/DefaultCategoryDatasetTests.java,DefaultCategoryDatasetTests.java,373,111,0.29758713,16,0.018599195
/home/celia/jfreechart/tests/org/jfree/data/gantt/junit/TaskSeriesTests.java,TaskSeriesTests.java,152,66,0.43421054,6,0.07236842
/home/celia/jfreechart/tests/org/jfree/data/gantt/junit/XYTaskDatasetTests.java,XYTaskDatasetTests.java,166,63,0.37951806,5,0.07590361
/home/celia/jfreechart/tests/org/jfree/data/gantt/junit/DataGanttPackageTests.java,DataGanttPackageTests.java,84,63,0.75,3,0.25
/home/celia/jfreechart/tests/org/jfree/data/gantt/junit/TaskTests.java,TaskTests.java,152,64,0.42105263,6,0.07017544
/home/celia/jfreechart/tests/org/jfree/data/gantt/junit/SlidingGanttCategoryDatasetTests.java,SlidingGanttCategoryDatasetTests.java,172,63,0.36627907,5,0.073255815
/home/celia/jfreechart/tests/org/jfree/data/gantt/junit/TaskSeriesCollectionTests.java,TaskSeriesCollectionTests.java,598,174,0.2909699,29,0.010033445
/home/celia/jfreechart/tests/org/jfree/data/statistics/junit/BoxAndWhiskerCalculatorTests.java,BoxAndWhiskerCalculatorTests.java,165,68,0.4121212,6,0.068686865
/home/celia/jfreechart/tests/org/jfree/data/statistics/junit/HistogramBinTests.java,HistogramBinTests.java,124,61,0.4919355,5,0.0983871
/home/celia/jfreechart/tests/org/jfree/data/statistics/junit/DataStatisticsPackageTests.java,DataStatisticsPackageTests.java,93,65,0.6989247,3,0.2329749
/home/celia/jfreechart/tests/org/jfree/data/statistics/junit/RegressionTests.java,RegressionTests.java,228,94,0.4122807,16,0.025767544
/home/celia/jfreechart/tests/org/jfree/data/statistics/junit/MeanAndStandardDeviationTests.java,MeanAndStandardDeviationTests.java,117,61,0.52136755,5,0.10427351
/home/celia/jfreechart/tests/org/jfree/data/statistics/junit/SimpleHistogramDatasetTests.java,SimpleHistogramDatasetTests.java,150,69,0.46,7,0.065714285
/home/celia/jfreechart/tests/org/jfree/data/statistics/junit/DefaultMultiValueCategoryDatasetTests.java,DefaultMultiValueCategoryDatasetTests.java,259,85,0.32818532,10,0.032818533
/home/celia/jfreechart/tests/org/jfree/data/statistics/junit/DefaultStatisticalCategoryDatasetTests.java,DefaultStatisticalCategoryDatasetTests.java,283,97,0.34275618,13,0.02636586
/home/celia/jfreechart/tests/org/jfree/data/statistics/junit/DefaultBoxAndWhiskerCategoryDatasetTests.java,DefaultBoxAndWhiskerCategoryDatasetTests.java,294,87,0.29591838,11,0.02690167
/home/celia/jfreechart/tests/org/jfree/data/statistics/junit/BoxAndWhiskerItemTests.java,BoxAndWhiskerItemTests.java,115,58,0.5043478,4,0.12608695
/home/celia/jfreechart/tests/org/jfree/data/statistics/junit/HistogramDatasetTests.java,HistogramDatasetTests.java,260,98,0.37692308,13,0.028994083
/home/celia/jfreechart/tests/org/jfree/data/statistics/junit/StatisticsTests.java,StatisticsTests.java,428,112,0.26168224,14,0.018691588
/home/celia/jfreechart/tests/org/jfree/data/statistics/junit/SimpleHistogramBinTests.java,SimpleHistogramBinTests.java,184,68,0.36956522,7,0.05279503
/home/celia/jfreechart/tests/org/jfree/data/statistics/junit/DefaultBoxAndWhiskerXYDatasetTests.java,DefaultBoxAndWhiskerXYDatasetTests.java,195,72,0.36923078,8,0.046153847
/home/celia/jfreechart/tests/org/jfree/chart/renderer/xy/junit/XYBoxAndWhiskerRendererTests.java,XYBoxAndWhiskerRendererTests.java,203,75,0.36945814,8,0.046182267
/home/celia/jfreechart/tests/org/jfree/chart/renderer/xy/junit/StackedXYAreaRendererTests.java,StackedXYAreaRendererTests.java,252,103,0.40873015,10,0.040873013
/home/celia/jfreechart/tests/org/jfree/chart/renderer/xy/junit/XYStepAreaRendererTests.java,XYStepAreaRendererTests.java,198,86,0.43434343,8,0.05429293
/home/celia/jfreechart/tests/org/jfree/chart/renderer/xy/junit/XYShapeRendererTests.java,XYShapeRendererTests.java,200,70,0.35,7,0.05
/home/celia/jfreechart/tests/org/jfree/chart/renderer/xy/junit/DeviationRendererTests.java,DeviationRendererTests.java,143,70,0.48951048,7,0.06993007
/home/celia/jfreechart/tests/org/jfree/chart/renderer/xy/junit/XYSplineRendererTests.java,XYSplineRendererTests.java,144,68,0.4722222,7,0.06746031
/home/celia/jfreechart/tests/org/jfree/chart/renderer/xy/junit/XYAreaRenderer2Tests.java,XYAreaRenderer2Tests.java,225,96,0.42666668,9,0.047407407
/home/celia/jfreechart/tests/org/jfree/chart/renderer/xy/junit/GradientXYBarPainterTests.java,GradientXYBarPainterTests.java,133,65,0.48872182,6,0.08145364
/home/celia/jfreechart/tests/org/jfree/chart/renderer/xy/junit/StandardXYItemRendererTests.java,StandardXYItemRendererTests.java,272,88,0.32352942,9,0.035947714
/home/celia/jfreechart/tests/org/jfree/chart/renderer/xy/junit/XYLine3DRendererTests.java,XYLine3DRendererTests.java,156,68,0.43589744,7,0.062271062
/home/celia/jfreechart/tests/org/jfree/chart/renderer/xy/junit/StackedXYAreaRenderer2Tests.java,StackedXYAreaRenderer2Tests.java,199,79,0.39698493,9,0.044109438
/home/celia/jfreechart/tests/org/jfree/chart/renderer/xy/junit/RendererXYPackageTests.java,RendererXYPackageTests.java,151,78,0.51655626,5,0.103311256
/home/celia/jfreechart/tests/org/jfree/chart/renderer/xy/junit/XYDifferenceRendererTests.java,XYDifferenceRendererTests.java,225,89,0.39555556,9,0.043950617
/home/celia/jfreechart/tests/org/jfree/chart/renderer/xy/junit/CandlestickRendererTests.java,CandlestickRendererTests.java,239,90,0.37656903,9,0.041841004
/home/celia/jfreechart/tests/org/jfree/chart/renderer/xy/junit/XYDotRendererTests.java,XYDotRendererTests.java,195,81,0.41538462,8,0.051923078
/home/celia/jfreechart/tests/org/jfree/chart/renderer/xy/junit/AbstractXYItemRendererTests.java,AbstractXYItemRendererTests.java,175,79,0.45142856,8,0.05642857
/home/celia/jfreechart/tests/org/jfree/chart/renderer/xy/junit/StackedXYBarRendererTests.java,StackedXYBarRendererTests.java,193,76,0.39378238,9,0.043753598
/home/celia/jfreechart/tests/org/jfree/chart/renderer/xy/junit/VectorRendererTests.java,VectorRendererTests.java,144,70,0.4861111,7,0.06944444
/home/celia/jfreechart/tests/org/jfree/chart/renderer/xy/junit/XYLineAndShapeRendererTests.java,XYLineAndShapeRendererTests.java,308,91,0.29545453,11,0.026859503
/home/celia/jfreechart/tests/org/jfree/chart/renderer/xy/junit/ClusteredXYBarRendererTests.java,ClusteredXYBarRendererTests.java,196,80,0.40816328,9,0.045351475
/home/celia/jfreechart/tests/org/jfree/chart/renderer/xy/junit/WindItemRendererTests.java,WindItemRendererTests.java,136,68,0.5,7,0.071428575
/home/celia/jfreechart/tests/org/jfree/chart/renderer/xy/junit/YIntervalRendererTests.java,YIntervalRendererTests.java,264,84,0.3181818,8,0.039772727
/home/celia/jfreechart/tests/org/jfree/chart/renderer/xy/junit/XYAreaRendererTests.java,XYAreaRendererTests.java,263,98,0.37262356,9,0.04140262
/home/celia/jfreechart/tests/org/jfree/chart/renderer/xy/junit/XYBlockRendererTests.java,XYBlockRendererTests.java,223,87,0.39013454,11,0.035466775
/home/celia/jfreechart/tests/org/jfree/chart/renderer/xy/junit/XYErrorRendererTests.java,XYErrorRendererTests.java,224,86,0.38392857,11,0.0349026
/home/celia/jfreechart/tests/org/jfree/chart/renderer/xy/junit/XYStepRendererTests.java,XYStepRendererTests.java,222,99,0.44594595,9,0.04954955
/home/celia/jfreechart/tests/org/jfree/chart/renderer/xy/junit/StandardXYBarPainterTests.java,StandardXYBarPainterTests.java,121,65,0.5371901,6,0.08953168
/home/celia/jfreechart/tests/org/jfree/chart/renderer/xy/junit/HighLowRendererTests.java,HighLowRendererTests.java,198,82,0.41414142,8,0.051767677
/home/celia/jfreechart/tests/org/jfree/chart/renderer/xy/junit/XYBarRendererTests.java,XYBarRendererTests.java,372,114,0.30645162,13,0.023573201
/home/celia/jfreechart/tests/org/jfree/chart/renderer/xy/junit/XYBubbleRendererTests.java,XYBubbleRendererTests.java,189,81,0.42857143,8,0.05357143
/home/celia/jfreechart/tests/org/jfree/chart/renderer/junit/GrayPaintScaleTests.java,GrayPaintScaleTests.java,161,71,0.4409938,7,0.062999114
/home/celia/jfreechart/tests/org/jfree/chart/renderer/junit/AbstractRendererTests.java,AbstractRendererTests.java,875,225,0.25714287,26,0.00989011
/home/celia/jfreechart/tests/org/jfree/chart/renderer/junit/RendererUtilitiesTests.java,RendererUtilitiesTests.java,466,123,0.2639485,13,0.02030373
/home/celia/jfreechart/tests/org/jfree/chart/renderer/junit/RendererPackageTests.java,RendererPackageTests.java,78,58,0.74358976,2,0.37179488
/home/celia/jfreechart/tests/org/jfree/chart/renderer/junit/RendererChangeDetector.java,RendererChangeDetector.java,82,65,0.79268295,4,0.19817074
/home/celia/jfreechart/tests/org/jfree/chart/renderer/junit/DefaultPolarItemRendererTests.java,DefaultPolarItemRendererTests.java,136,65,0.4779412,6,0.07965686
/home/celia/jfreechart/tests/org/jfree/chart/renderer/junit/LookupPaintScaleTests.java,LookupPaintScaleTests.java,227,75,0.33039647,8,0.04129956
/home/celia/jfreechart/tests/org/jfree/chart/renderer/junit/OutlierTests.java,OutlierTests.java,112,64,0.5714286,6,0.0952381
/home/celia/jfreechart/tests/org/jfree/chart/renderer/junit/AreaRendererEndTypeTests.java,AreaRendererEndTypeTests.java,105,58,0.552381,4,0.13809524
/home/celia/jfreechart/tests/org/jfree/chart/renderer/category/junit/BarRenderer3DTests.java,BarRenderer3DTests.java,156,70,0.44871795,7,0.06410257
/home/celia/jfreechart/tests/org/jfree/chart/renderer/category/junit/GroupedStackedBarRendererTests.java,GroupedStackedBarRendererTests.java,195,84,0.43076923,8,0.053846154
/home/celia/jfreechart/tests/org/jfree/chart/renderer/category/junit/StatisticalLineAndShapeRendererTests.java,StatisticalLineAndShapeRendererTests.java,217,92,0.42396313,10,0.042396314
/home/celia/jfreechart/tests/org/jfree/chart/renderer/category/junit/StackedBarRendererTests.java,StackedBarRendererTests.java,163,72,0.4417178,8,0.055214725
/home/celia/jfreechart/tests/org/jfree/chart/renderer/category/junit/MinMaxCategoryRendererTests.java,MinMaxCategoryRendererTests.java,182,84,0.46153846,8,0.057692308
/home/celia/jfreechart/tests/org/jfree/chart/renderer/category/junit/BarRendererTests.java,BarRendererTests.java,304,114,0.375,11,0.03409091
/home/celia/jfreechart/tests/org/jfree/chart/renderer/category/junit/ScatterRendererTests.java,ScatterRendererTests.java,227,84,0.37004405,13,0.028464926
/home/celia/jfreechart/tests/org/jfree/chart/renderer/category/junit/AreaRendererTests.java,AreaRendererTests.java,172,82,0.47674417,8,0.059593022
/home/celia/jfreechart/tests/org/jfree/chart/renderer/category/junit/LayeredBarRendererTests.java,LayeredBarRendererTests.java,165,83,0.5030303,8,0.06287879
/home/celia/jfreechart/tests/org/jfree/chart/renderer/category/junit/DefaultCategoryItemRendererTests.java,DefaultCategoryItemRendererTests.java,138,69,0.5,7,0.071428575
/home/celia/jfreechart/tests/org/jfree/chart/renderer/category/junit/IntervalBarRendererTests.java,IntervalBarRendererTests.java,196,88,0.4489796,9,0.04988662
/home/celia/jfreechart/tests/org/jfree/chart/renderer/category/junit/LevelRendererTests.java,LevelRendererTests.java,218,103,0.47247708,10,0.047247708
/home/celia/jfreechart/tests/org/jfree/chart/renderer/category/junit/StatisticalBarRendererTests.java,StatisticalBarRendererTests.java,312,150,0.48076922,13,0.036982246
/home/celia/jfreechart/tests/org/jfree/chart/renderer/category/junit/GanttRendererTests.java,GanttRendererTests.java,159,69,0.43396226,7,0.06199461
/home/celia/jfreechart/tests/org/jfree/chart/renderer/category/junit/LineAndShapeRendererTests.java,LineAndShapeRendererTests.java,335,95,0.2835821,29,0.009778692
/home/celia/jfreechart/tests/org/jfree/chart/renderer/category/junit/GradientBarPainterTests.java,GradientBarPainterTests.java,133,65,0.48872182,6,0.08145364
/home/celia/jfreechart/tests/org/jfree/chart/renderer/category/junit/LineRenderer3DTests.java,LineRenderer3DTests.java,236,78,0.33050847,21,0.015738498
/home/celia/jfreechart/tests/org/jfree/chart/renderer/category/junit/CategoryStepRendererTests.java,CategoryStepRendererTests.java,159,78,0.49056605,7,0.07008086
/home/celia/jfreechart/tests/org/jfree/chart/renderer/category/junit/StandardBarPainterTests.java,StandardBarPainterTests.java,121,65,0.5371901,6,0.08953168
/home/celia/jfreechart/tests/org/jfree/chart/renderer/category/junit/AbstractCategoryItemRendererTests.java,AbstractCategoryItemRendererTests.java,339,92,0.27138644,9,0.03015405
/home/celia/jfreechart/tests/org/jfree/chart/renderer/category/junit/BoxAndWhiskerRendererTests.java,BoxAndWhiskerRendererTests.java,538,212,0.39405206,24,0.016418835
/home/celia/jfreechart/tests/org/jfree/chart/renderer/category/junit/RendererCategoryPackageTests.java,RendererCategoryPackageTests.java,101,61,0.6039604,3,0.20132013
/home/celia/jfreechart/tests/org/jfree/chart/renderer/category/junit/WaterfallBarRendererTests.java,WaterfallBarRendererTests.java,171,77,0.4502924,8,0.05628655
/home/celia/jfreechart/tests/org/jfree/chart/renderer/category/junit/StackedAreaRendererTests.java,StackedAreaRendererTests.java,163,73,0.44785276,8,0.055981595
/home/celia/jfreechart/tests/org/jfree/chart/renderer/category/junit/StackedBarRenderer3DTests.java,StackedBarRenderer3DTests.java,412,128,0.3106796,25,0.012427185
/home/celia/jfreechart/tests/org/jfree/chart/junit/StackedBarChart3DTests.java,StackedBarChart3DTests.java,198,93,0.46969697,9,0.052188553
/home/celia/jfreechart/tests/org/jfree/chart/junit/PieChartTests.java,PieChartTests.java,128,85,0.6640625,6,0.110677086
/home/celia/jfreechart/tests/org/jfree/chart/junit/XYLineChartTests.java,XYLineChartTests.java,184,92,0.5,8,0.0625
/home/celia/jfreechart/tests/org/jfree/chart/junit/MeterChartTests.java,MeterChartTests.java,94,56,0.59574467,3,0.19858156
/home/celia/jfreechart/tests/org/jfree/chart/junit/JFreeChartTestSuite.java,JFreeChartTestSuite.java,124,66,0.5322581,2,0.26612905
/home/celia/jfreechart/tests/org/jfree/chart/junit/ChartRenderingInfoTests.java,ChartRenderingInfoTests.java,172,66,0.38372093,6,0.06395349
/home/celia/jfreechart/tests/org/jfree/chart/junit/JFreeChartTests.java,JFreeChartTests.java,512,141,0.27539062,16,0.017211914
/home/celia/jfreechart/tests/org/jfree/chart/junit/ChartPanelTests.java,ChartPanelTests.java,325,127,0.39076924,19,0.020566802
/home/celia/jfreechart/tests/org/jfree/chart/junit/StrokeMapTests.java,StrokeMapTests.java,199,72,0.36180905,8,0.04522613
/home/celia/jfreechart/tests/org/jfree/chart/junit/AreaChartTests.java,AreaChartTests.java,188,87,0.46276596,9,0.05141844
/home/celia/jfreechart/tests/org/jfree/chart/junit/ScatterPlotTests.java,ScatterPlotTests.java,185,93,0.5027027,8,0.06283784
/home/celia/jfreechart/tests/org/jfree/chart/junit/LegendItemCollectionTests.java,LegendItemCollectionTests.java,146,62,0.42465752,5,0.08493151
/home/celia/jfreechart/tests/org/jfree/chart/junit/XYStepChartTests.java,XYStepChartTests.java,184,92,0.5,8,0.0625
/home/celia/jfreechart/tests/org/jfree/chart/junit/PieChart3DTests.java,PieChart3DTests.java,155,87,0.5612903,7,0.08018433
/home/celia/jfreechart/tests/org/jfree/chart/junit/GanttChartTests.java,GanttChartTests.java,298,112,0.37583894,12,0.031319913
/home/celia/jfreechart/tests/org/jfree/chart/junit/WaterfallChartTests.java,WaterfallChartTests.java,156,77,0.49358973,7,0.07051282
/home/celia/jfreechart/tests/org/jfree/chart/junit/StandardChartThemeTests.java,StandardChartThemeTests.java,284,90,0.31690142,5,0.063380286
/home/celia/jfreechart/tests/org/jfree/chart/junit/BarChart3DTests.java,BarChart3DTests.java,195,94,0.48205128,9,0.053561255
/home/celia/jfreechart/tests/org/jfree/chart/junit/TestUtilities.java,TestUtilities.java,66,51,0.77272725,3,0.25757575
/home/celia/jfreechart/tests/org/jfree/chart/junit/HashUtilitiesTests.java,HashUtilitiesTests.java,78,55,0.7051282,3,0.23504274
/home/celia/jfreechart/tests/org/jfree/chart/junit/XYBarChartTests.java,XYBarChartTests.java,187,92,0.49197862,8,0.061497327
/home/celia/jfreechart/tests/org/jfree/chart/junit/TimeSeriesChartTests.java,TimeSeriesChartTests.java,182,92,0.50549453,8,0.06318682
/home/celia/jfreechart/tests/org/jfree/chart/junit/ChartPackageTests.java,ChartPackageTests.java,93,54,0.58064514,1,0.58064514
/home/celia/jfreechart/tests/org/jfree/chart/junit/StackedAreaChartTests.java,StackedAreaChartTests.java,198,93,0.46969697,9,0.052188553
/home/celia/jfreechart/tests/org/jfree/chart/junit/XYAreaChartTests.java,XYAreaChartTests.java,184,92,0.5,8,0.0625
/home/celia/jfreechart/tests/org/jfree/chart/junit/LineChart3DTests.java,LineChart3DTests.java,199,92,0.46231157,9,0.051367953
/home/celia/jfreechart/tests/org/jfree/chart/junit/PaintMapTests.java,PaintMapTests.java,216,78,0.3611111,9,0.040123455
/home/celia/jfreechart/tests/org/jfree/chart/junit/LegendItemTests.java,LegendItemTests.java,373,76,0.20375335,6,0.033958893
/home/celia/jfreechart/tests/org/jfree/chart/junit/StackedBarChartTests.java,StackedBarChartTests.java,202,97,0.48019803,9,0.053355336
/home/celia/jfreechart/tests/org/jfree/chart/junit/BarChartTests.java,BarChartTests.java,202,95,0.47029704,9,0.05225523
/home/celia/jfreechart/tests/org/jfree/chart/junit/XYStepAreaChartTests.java,XYStepAreaChartTests.java,184,92,0.5,8,0.0625
/home/celia/jfreechart/tests/org/jfree/chart/junit/LineChartTests.java,LineChartTests.java,199,92,0.46231157,9,0.051367953
/home/celia/jfreechart/tests/org/jfree/chart/imagemap/junit/ImageMapUtilitiesTests.java,ImageMapUtilitiesTests.java,89,58,0.6516854,4,0.16292135
/home/celia/jfreechart/tests/org/jfree/chart/imagemap/junit/ImageMapPackageTests.java,ImageMapPackageTests.java,83,62,0.74698794,3,0.24899597
/home/celia/jfreechart/tests/org/jfree/chart/imagemap/junit/DynamicDriveToolTipTagFragmentGeneratorTests.java,DynamicDriveToolTipTagFragmentGeneratorTests.java,78,55,0.7051282,3,0.23504274
/home/celia/jfreechart/tests/org/jfree/chart/imagemap/junit/OverLIBToolTipTagFragmentGeneratorTests.java,OverLIBToolTipTagFragmentGeneratorTests.java,78,55,0.7051282,3,0.23504274
/home/celia/jfreechart/tests/org/jfree/chart/imagemap/junit/StandardURLTagFragmentGeneratorTests.java,StandardURLTagFragmentGeneratorTests.java,77,57,0.74025977,3,0.24675326
/home/celia/jfreechart/tests/org/jfree/chart/imagemap/junit/StandardToolTipTagFragmentGeneratorTests.java,StandardToolTipTagFragmentGeneratorTests.java,76,55,0.7236842,3,0.24122806
/home/celia/jfreechart/tests/org/jfree/chart/annotations/junit/XYTitleAnnotationTests.java,XYTitleAnnotationTests.java,188,80,0.42553192,7,0.060790274
/home/celia/jfreechart/tests/org/jfree/chart/annotations/junit/XYPointerAnnotationTests.java,XYPointerAnnotationTests.java,202,79,0.3910891,7,0.055869874
/home/celia/jfreechart/tests/org/jfree/chart/annotations/junit/XYBoxAnnotationTests.java,XYBoxAnnotationTests.java,226,88,0.38938054,8,0.048672568
/home/celia/jfreechart/tests/org/jfree/chart/annotations/junit/XYImageAnnotationTests.java,XYImageAnnotationTests.java,146,91,0.6232877,6,0.10388128
/home/celia/jfreechart/tests/org/jfree/chart/annotations/junit/XYTextAnnotationTests.java,XYTextAnnotationTests.java,206,79,0.38349515,7,0.05478502
/home/celia/jfreechart/tests/org/jfree/chart/annotations/junit/XYDrawableAnnotationTests.java,XYDrawableAnnotationTests.java,218,91,0.4174312,13,0.03211009
/home/celia/jfreechart/tests/org/jfree/chart/annotations/junit/TextAnnotationTests.java,TextAnnotationTests.java,135,70,0.5185185,5,0.1037037
/home/celia/jfreechart/tests/org/jfree/chart/annotations/junit/XYShapeAnnotationTests.java,XYShapeAnnotationTests.java,200,73,0.365,7,0.05214286
/home/celia/jfreechart/tests/org/jfree/chart/annotations/junit/CategoryPointerAnnotationTests.java,CategoryPointerAnnotationTests.java,199,76,0.38190955,7,0.054558508
/home/celia/jfreechart/tests/org/jfree/chart/annotations/junit/CategoryTextAnnotationTests.java,CategoryTextAnnotationTests.java,160,72,0.45,7,0.06428571
/home/celia/jfreechart/tests/org/jfree/chart/annotations/junit/CategoryLineAnnotationTests.java,CategoryLineAnnotationTests.java,179,74,0.41340783,7,0.05905826
/home/celia/jfreechart/tests/org/jfree/chart/annotations/junit/AnnotationsPackageTests.java,AnnotationsPackageTests.java,92,63,0.6847826,3,0.22826087
/home/celia/jfreechart/tests/org/jfree/chart/annotations/junit/XYPolygonAnnotationTests.java,XYPolygonAnnotationTests.java,187,68,0.36363637,7,0.051948052
/home/celia/jfreechart/tests/org/jfree/chart/annotations/junit/XYLineAnnotationTests.java,XYLineAnnotationTests.java,183,69,0.37704918,7,0.05386417
/home/celia/jfreechart/tests/org/jfree/chart/axis/junit/ColorBarTests.java,ColorBarTests.java,139,65,0.4676259,6,0.07793765
/home/celia/jfreechart/tests/org/jfree/chart/axis/junit/NumberTickUnitTests.java,NumberTickUnitTests.java,127,64,0.503937,6,0.0839895
/home/celia/jfreechart/tests/org/jfree/chart/axis/junit/ValueAxisTests.java,ValueAxisTests.java,242,90,0.37190083,6,0.06198347
/home/celia/jfreechart/tests/org/jfree/chart/axis/junit/LogAxisTests.java,LogAxisTests.java,313,95,0.3035144,14,0.021679599
/home/celia/jfreechart/tests/org/jfree/chart/axis/junit/SegmentedTimelineTests2.java,SegmentedTimelineTests2.java,407,108,0.26535627,11,0.024123298
/home/celia/jfreechart/tests/org/jfree/chart/axis/junit/MonthDateFormatTests.java,MonthDateFormatTests.java,165,69,0.4181818,6,0.06969697
/home/celia/jfreechart/tests/org/jfree/chart/axis/junit/CategoryLabelPositionTests.java,CategoryLabelPositionTests.java,171,62,0.3625731,5,0.072514616
/home/celia/jfreechart/tests/org/jfree/chart/axis/junit/MarkerAxisBandTests.java,MarkerAxisBandTests.java,136,62,0.45588234,5,0.091176465
/home/celia/jfreechart/tests/org/jfree/chart/axis/junit/PeriodAxisTests.java,PeriodAxisTests.java,297,93,0.3131313,10,0.03131313
/home/celia/jfreechart/tests/org/jfree/chart/axis/junit/AxisSpaceTests.java,AxisSpaceTests.java,117,62,0.52991456,5,0.105982915
/home/celia/jfreechart/tests/org/jfree/chart/axis/junit/CategoryTickTests.java,CategoryTickTests.java,172,65,0.37790698,6,0.0629845
/home/celia/jfreechart/tests/org/jfree/chart/axis/junit/PeriodAxisLabelInfoTests.java,PeriodAxisLabelInfoTests.java,212,68,0.3207547,7,0.045822103
/home/celia/jfreechart/tests/org/jfree/chart/axis/junit/DateAxisTests.java,DateAxisTests.java,1017,212,0.20845625,28,0.007444866
/home/celia/jfreechart/tests/org/jfree/chart/axis/junit/AxisPackageTests.java,AxisPackageTests.java,117,66,0.5641026,3,0.18803419
/home/celia/jfreechart/tests/org/jfree/chart/axis/junit/CyclicNumberAxisTests.java,CyclicNumberAxisTests.java,167,73,0.43712574,6,0.07285429
/home/celia/jfreechart/tests/org/jfree/chart/axis/junit/AxisLocationTests.java,AxisLocationTests.java,116,62,0.5344828,5,0.10689656
/home/celia/jfreechart/tests/org/jfree/chart/axis/junit/DateTickTests.java,DateTickTests.java,166,64,0.38554215,6,0.064257026
/home/celia/jfreechart/tests/org/jfree/chart/axis/junit/DateTickMarkPositionTests.java,DateTickMarkPositionTests.java,117,61,0.52136755,5,0.10427351
/home/celia/jfreechart/tests/org/jfree/chart/axis/junit/StandardTickUnitSourceTests.java,StandardTickUnitSourceTests.java,100,58,0.58,4,0.145
/home/celia/jfreechart/tests/org/jfree/chart/axis/junit/QuarterDateFormatTests.java,QuarterDateFormatTests.java,149,65,0.4362416,6,0.07270693
/home/celia/jfreechart/tests/org/jfree/chart/axis/junit/NumberAxis3DTests.java,NumberAxis3DTests.java,92,55,0.59782606,3,0.19927536
/home/celia/jfreechart/tests/org/jfree/chart/axis/junit/CategoryAxisTests.java,CategoryAxisTests.java,223,83,0.3721973,7,0.053171042
/home/celia/jfreechart/tests/org/jfree/chart/axis/junit/NumberAxisTests.java,NumberAxisTests.java,418,156,0.37320575,14,0.026657553
/home/celia/jfreechart/tests/org/jfree/chart/axis/junit/SubCategoryAxisTests.java,SubCategoryAxisTests.java,180,72,0.4,7,0.057142857
/home/celia/jfreechart/tests/org/jfree/chart/axis/junit/AxisTests.java,AxisTests.java,226,83,0.36725664,5,0.073451325
/home/celia/jfreechart/tests/org/jfree/chart/axis/junit/CategoryLabelWidthTypeTests.java,CategoryLabelWidthTypeTests.java,113,61,0.539823,5,0.1079646
/home/celia/jfreechart/tests/org/jfree/chart/axis/junit/ModuloAxisTests.java,ModuloAxisTests.java,132,64,0.4848485,6,0.08080808
/home/celia/jfreechart/tests/org/jfree/chart/axis/junit/TickUnitsTests.java,TickUnitsTests.java,118,61,0.5169492,5,0.10338984
/home/celia/jfreechart/tests/org/jfree/chart/axis/junit/LogarithmicAxisTests.java,LogarithmicAxisTests.java,251,103,0.41035858,14,0.029311327
/home/celia/jfreechart/tests/org/jfree/chart/axis/junit/CategoryLabelPositionsTests.java,CategoryLabelPositionsTests.java,200,62,0.31,5,0.062
/home/celia/jfreechart/tests/org/jfree/chart/axis/junit/ExtendedCategoryAxisTests.java,ExtendedCategoryAxisTests.java,184,72,0.39130434,7,0.055900622
/home/celia/jfreechart/tests/org/jfree/chart/axis/junit/DateTickUnitTests.java,DateTickUnitTests.java,112,62,0.5535714,5,0.11071428
/home/celia/jfreechart/tests/org/jfree/chart/axis/junit/CategoryAxis3DTests.java,CategoryAxis3DTests.java,108,58,0.537037,4,0.13425925
/home/celia/jfreechart/tests/org/jfree/chart/axis/junit/SymbolAxisTests.java,SymbolAxisTests.java,140,62,0.44285715,5,0.08857143
/home/celia/jfreechart/tests/org/jfree/chart/axis/junit/SegmentedTimelineTests.java,SegmentedTimelineTests.java,1023,446,0.43597263,68,0.0064113624
/home/celia/jfreechart/tests/org/jfree/chart/axis/junit/CategoryAnchorTests.java,CategoryAnchorTests.java,115,62,0.53913045,5,0.10782609
/home/celia/jfreechart/tests/org/jfree/chart/title/junit/TitlePackageTests.java,TitlePackageTests.java,88,63,0.71590906,3,0.23863636
/home/celia/jfreechart/tests/org/jfree/chart/title/junit/TextTitleTests.java,TextTitleTests.java,181,73,0.40331492,6,0.06721915
/home/celia/jfreechart/tests/org/jfree/chart/title/junit/DateTitleTests.java,DateTitleTests.java,146,64,0.43835616,6,0.07305936
/home/celia/jfreechart/tests/org/jfree/chart/title/junit/CompositeTitleTests.java,CompositeTitleTests.java,176,72,0.4090909,7,0.058441557
/home/celia/jfreechart/tests/org/jfree/chart/title/junit/ImageTitleTests.java,ImageTitleTests.java,146,74,0.5068493,8,0.06335616
/home/celia/jfreechart/tests/org/jfree/chart/title/junit/LegendGraphicTests.java,LegendGraphicTests.java,241,83,0.34439835,7,0.049199764
/home/celia/jfreechart/tests/org/jfree/chart/title/junit/PaintScaleLegendTests.java,PaintScaleLegendTests.java,196,75,0.38265306,6,0.06377551
/home/celia/jfreechart/tests/org/jfree/chart/title/junit/LegendTitleTests.java,LegendTitleTests.java,179,66,0.36871508,6,0.06145251
/home/celia/jfreechart/tests/org/jfree/chart/title/junit/TitleTests.java,TitleTests.java,106,60,0.5660377,4,0.14150943
/home/celia/jfreechart/tests/org/jfree/chart/title/junit/ShortTextTitleTests.java,ShortTextTitleTests.java,131,64,0.48854962,6,0.08142494
/home/celia/jfreechart/tests/org/jfree/chart/labels/junit/StandardContourToolTipGeneratorTests.java,StandardContourToolTipGeneratorTests.java,94,55,0.5851064,3,0.19503546
/home/celia/jfreechart/tests/org/jfree/chart/labels/junit/HighLowItemLabelGeneratorTests.java,HighLowItemLabelGeneratorTests.java,150,68,0.45333335,7,0.06476191
/home/celia/jfreechart/tests/org/jfree/chart/labels/junit/SymbolicXYItemLabelGeneratorTests.java,SymbolicXYItemLabelGeneratorTests.java,137,68,0.49635038,7,0.0709072
/home/celia/jfreechart/tests/org/jfree/chart/labels/junit/StandardCategoryToolTipGeneratorTests.java,StandardCategoryToolTipGeneratorTests.java,179,73,0.40782124,8,0.050977655
/home/celia/jfreechart/tests/org/jfree/chart/labels/junit/ItemLabelAnchorTests.java,ItemLabelAnchorTests.java,99,58,0.5858586,4,0.14646465
/home/celia/jfreechart/tests/org/jfree/chart/labels/junit/StandardCategorySeriesLabelGeneratorTests.java,StandardCategorySeriesLabelGeneratorTests.java,161,71,0.4409938,8,0.055124223
/home/celia/jfreechart/tests/org/jfree/chart/labels/junit/StandardXYItemLabelGeneratorTests.java,StandardXYItemLabelGeneratorTests.java,211,75,0.35545024,7,0.050778605
/home/celia/jfreechart/tests/org/jfree/chart/labels/junit/ItemLabelPositionTests.java,ItemLabelPositionTests.java,101,59,0.5841584,4,0.1460396
/home/celia/jfreechart/tests/org/jfree/chart/labels/junit/BubbleXYItemLabelGeneratorTests.java,BubbleXYItemLabelGeneratorTests.java,206,74,0.3592233,8,0.044902913
/home/celia/jfreechart/tests/org/jfree/chart/labels/junit/StandardXYSeriesLabelGeneratorTests.java,StandardXYSeriesLabelGeneratorTests.java,160,71,0.44375,8,0.05546875
/home/celia/jfreechart/tests/org/jfree/chart/labels/junit/StandardPieSectionLabelGeneratorTests.java,StandardPieSectionLabelGeneratorTests.java,189,76,0.4021164,8,0.05026455
/home/celia/jfreechart/tests/org/jfree/chart/labels/junit/MultipleXYSeriesLabelGeneratorTests.java,MultipleXYSeriesLabelGeneratorTests.java,158,69,0.43670887,7,0.062386982
/home/celia/jfreechart/tests/org/jfree/chart/labels/junit/CustomXYItemLabelGeneratorTests.java,CustomXYItemLabelGeneratorTests.java,129,63,0.4883721,5,0.097674415
/home/celia/jfreechart/tests/org/jfree/chart/labels/junit/LabelsPackageTests.java,LabelsPackageTests.java,99,62,0.6262626,3,0.2087542
/home/celia/jfreechart/tests/org/jfree/chart/labels/junit/IntervalCategoryToolTipGeneratorTests.java,IntervalCategoryToolTipGeneratorTests.java,172,71,0.4127907,8,0.051598836
/home/celia/jfreechart/tests/org/jfree/chart/labels/junit/BoxAndWhiskerToolTipGeneratorTests.java,BoxAndWhiskerToolTipGeneratorTests.java,152,71,0.46710527,7,0.06672932
/home/celia/jfreechart/tests/org/jfree/chart/labels/junit/StandardCategoryItemLabelGeneratorTests.java,StandardCategoryItemLabelGeneratorTests.java,199,77,0.38693467,9,0.04299274
/home/celia/jfreechart/tests/org/jfree/chart/labels/junit/StandardXYToolTipGeneratorTests.java,StandardXYToolTipGeneratorTests.java,178,69,0.38764045,7,0.055377208
/home/celia/jfreechart/tests/org/jfree/chart/labels/junit/StandardPieToolTipGeneratorTests.java,StandardPieToolTipGeneratorTests.java,175,74,0.42285714,7,0.060408164
/home/celia/jfreechart/tests/org/jfree/chart/labels/junit/BoxAndWhiskerXYToolTipGeneratorTests.java,BoxAndWhiskerXYToolTipGeneratorTests.java,174,74,0.42528737,7,0.06075534
/home/celia/jfreechart/tests/org/jfree/chart/labels/junit/StandardXYZToolTipGeneratorTests.java,StandardXYZToolTipGeneratorTests.java,195,76,0.3897436,7,0.055677656
/home/celia/jfreechart/tests/org/jfree/chart/labels/junit/IntervalCategoryItemLabelGeneratorTests.java,IntervalCategoryItemLabelGeneratorTests.java,159,69,0.43396226,7,0.06199461
/home/celia/jfreechart/tests/org/jfree/chart/urls/junit/CustomPieURLGeneratorTests.java,CustomPieURLGeneratorTests.java,144,69,0.47916666,6,0.07986111
/home/celia/jfreechart/tests/org/jfree/chart/urls/junit/TimeSeriesURLGeneratorTests.java,TimeSeriesURLGeneratorTests.java,153,66,0.43137255,6,0.07189543
/home/celia/jfreechart/tests/org/jfree/chart/urls/junit/UrlsPackageTests.java,UrlsPackageTests.java,88,65,0.7386364,3,0.24621212
/home/celia/jfreechart/tests/org/jfree/chart/urls/junit/StandardCategoryURLGeneratorTests.java,StandardCategoryURLGeneratorTests.java,143,67,0.46853146,6,0.078088574
/home/celia/jfreechart/tests/org/jfree/chart/urls/junit/StandardXYURLGeneratorTests.java,StandardXYURLGeneratorTests.java,102,60,0.5882353,4,0.14705883
/home/celia/jfreechart/tests/org/jfree/chart/urls/junit/CustomCategoryURLGeneratorTests.java,CustomCategoryURLGeneratorTests.java,181,72,0.39779004,7,0.05682715
/home/celia/jfreechart/tests/org/jfree/chart/urls/junit/StandardPieURLGeneratorTests.java,StandardPieURLGeneratorTests.java,150,69,0.46,6,0.07666667
/home/celia/jfreechart/tests/org/jfree/chart/urls/junit/CustomXYURLGeneratorTests.java,CustomXYURLGeneratorTests.java,184,75,0.4076087,7,0.05822981
/home/celia/jfreechart/tests/org/jfree/chart/util/junit/UtilPackageTests.java,UtilPackageTests.java,80,61,0.7625,3,0.25416666
/home/celia/jfreechart/tests/org/jfree/chart/util/junit/LineUtilitiesTests.java,LineUtilitiesTests.java,124,52,0.41935483,8,0.052419353
/home/celia/jfreechart/tests/org/jfree/chart/util/junit/LogFormatTests.java,LogFormatTests.java,145,65,0.44827586,6,0.07471264
/home/celia/jfreechart/tests/org/jfree/chart/util/junit/RelativeDateFormatTests.java,RelativeDateFormatTests.java,209,81,0.3875598,10,0.03875598
/home/celia/jfreechart/tests/org/jfree/chart/plot/junit/XYPlotTests.java,XYPlotTests.java,1152,250,0.2170139,32,0.0067816842
/home/celia/jfreechart/tests/org/jfree/chart/plot/junit/CategoryMarkerTests.java,CategoryMarkerTests.java,215,79,0.36744186,8,0.045930233
/home/celia/jfreechart/tests/org/jfree/chart/plot/junit/CategoryPlotTests.java,CategoryPlotTests.java,967,204,0.21096174,25,0.00843847
/home/celia/jfreechart/tests/org/jfree/chart/plot/junit/MeterIntervalTests.java,MeterIntervalTests.java,129,61,0.4728682,5,0.09457364
/home/celia/jfreechart/tests/org/jfree/chart/plot/junit/MarkerTests.java,MarkerTests.java,377,136,0.36074272,17,0.02122016
/home/celia/jfreechart/tests/org/jfree/chart/plot/junit/PlotRenderingInfoTests.java,PlotRenderingInfoTests.java,147,62,0.4217687,5,0.08435374
/home/celia/jfreechart/tests/org/jfree/chart/plot/junit/MultiplePiePlotTests.java,MultiplePiePlotTests.java,218,83,0.38073394,8,0.047591742
/home/celia/jfreechart/tests/org/jfree/chart/plot/junit/ValueMarkerTests.java,ValueMarkerTests.java,264,80,0.3030303,9,0.033670034
/home/celia/jfreechart/tests/org/jfree/chart/plot/junit/PieLabelRecordTests.java,PieLabelRecordTests.java,143,61,0.42657343,5,0.08531468
/home/celia/jfreechart/tests/org/jfree/chart/plot/junit/MeterPlotTests.java,MeterPlotTests.java,271,89,0.32841328,6,0.054735545
/home/celia/jfreechart/tests/org/jfree/chart/plot/junit/FastScatterPlotTests.java,FastScatterPlotTests.java,245,85,0.3469388,9,0.038548753
/home/celia/jfreechart/tests/org/jfree/chart/plot/junit/ColorPaletteTests.java,ColorPaletteTests.java,90,58,0.64444447,4,0.16111112
/home/celia/jfreechart/tests/org/jfree/chart/plot/junit/DefaultDrawingSupplierTests.java,DefaultDrawingSupplierTests.java,213,72,0.33802816,5,0.06760563
/home/celia/jfreechart/tests/org/jfree/chart/plot/junit/MyPlotChangeListener.java,MyPlotChangeListener.java,78,60,0.7692308,4,0.1923077
/home/celia/jfreechart/tests/org/jfree/chart/plot/junit/CombinedDomainCategoryPlotTests.java,CombinedDomainCategoryPlotTests.java,287,97,0.3379791,11,0.030725373
/home/celia/jfreechart/tests/org/jfree/chart/plot/junit/CombinedRangeCategoryPlotTests.java,CombinedRangeCategoryPlotTests.java,281,96,0.34163702,11,0.031057911
/home/celia/jfreechart/tests/org/jfree/chart/plot/junit/PiePlotTests.java,PiePlotTests.java,616,147,0.23863636,14,0.017045455
/home/celia/jfreechart/tests/org/jfree/chart/plot/junit/RingPlotTests.java,RingPlotTests.java,161,68,0.42236024,5,0.084472045
/home/celia/jfreechart/tests/org/jfree/chart/plot/junit/PlotOrientationTests.java,PlotOrientationTests.java,109,59,0.5412844,4,0.1353211
/home/celia/jfreechart/tests/org/jfree/chart/plot/junit/PolarPlotTests.java,PolarPlotTests.java,365,75,0.20547946,10,0.020547945
/home/celia/jfreechart/tests/org/jfree/chart/plot/junit/CompassPlotTests.java,CompassPlotTests.java,163,68,0.41717792,5,0.08343558
/home/celia/jfreechart/tests/org/jfree/chart/plot/junit/PlotPackageTests.java,PlotPackageTests.java,112,67,0.59821427,3,0.19940476
/home/celia/jfreechart/tests/org/jfree/chart/plot/junit/IntervalMarkerTests.java,IntervalMarkerTests.java,174,73,0.41954023,8,0.05244253
/home/celia/jfreechart/tests/org/jfree/chart/plot/junit/CombinedDomainXYPlotTests.java,CombinedDomainXYPlotTests.java,289,101,0.34948096,12,0.029123412
/home/celia/jfreechart/tests/org/jfree/chart/plot/junit/CombinedRangeXYPlotTests.java,CombinedRangeXYPlotTests.java,282,98,0.34751773,11,0.03159252
/home/celia/jfreechart/tests/org/jfree/chart/plot/junit/ThermometerPlotTests.java,ThermometerPlotTests.java,244,83,0.34016395,7,0.04859485
/home/celia/jfreechart/tests/org/jfree/chart/plot/junit/PlotTests.java,PlotTests.java,175,72,0.41142857,3,0.13714285
/home/celia/jfreechart/tests/org/jfree/chart/plot/junit/SpiderWebPlotTests.java,SpiderWebPlotTests.java,356,101,0.28370786,7,0.040529694
/home/celia/jfreechart/tests/org/jfree/chart/plot/junit/PiePlot3DTests.java,PiePlot3DTests.java,137,64,0.46715328,5,0.09343065
/home/celia/jfreechart/tests/org/jfree/chart/plot/junit/ContourPlotTests.java,ContourPlotTests.java,93,55,0.5913978,3,0.1971326
/home/celia/jfreechart/tests/org/jfree/chart/plot/junit/CrosshairTests.java,CrosshairTests.java,205,67,0.32682925,7,0.046689894
/home/celia/jfreechart/tests/org/jfree/chart/plot/dial/junit/DialBackgroundTests.java,DialBackgroundTests.java,194,72,0.371134,6,0.06185567
/home/celia/jfreechart/tests/org/jfree/chart/plot/dial/junit/StandardDialFrameTests.java,StandardDialFrameTests.java,165,71,0.43030304,6,0.07171717
/home/celia/jfreechart/tests/org/jfree/chart/plot/dial/junit/DialValueIndicatorTests.java,DialValueIndicatorTests.java,219,83,0.37899545,6,0.06316591
/home/celia/jfreechart/tests/org/jfree/chart/plot/dial/junit/DialCapTests.java,DialCapTests.java,204,74,0.3627451,6,0.060457516
/home/celia/jfreechart/tests/org/jfree/chart/plot/dial/junit/MyDialLayerChangeListener.java,MyDialLayerChangeListener.java,59,50,0.84745765,2,0.42372882
/home/celia/jfreechart/tests/org/jfree/chart/plot/dial/junit/StandardDialRangeTests.java,StandardDialRangeTests.java,156,69,0.44230768,6,0.073717944
/home/celia/jfreechart/tests/org/jfree/chart/plot/dial/junit/DialPlotTests.java,DialPlotTests.java,288,91,0.3159722,12,0.026331017
/home/celia/jfreechart/tests/org/jfree/chart/plot/dial/junit/ArcDialFrameTests.java,ArcDialFrameTests.java,180,74,0.41111112,6,0.06851852
/home/celia/jfreechart/tests/org/jfree/chart/plot/dial/junit/DialPackageTests.java,DialPackageTests.java,87,59,0.6781609,3,0.22605364
/home/celia/jfreechart/tests/org/jfree/chart/plot/dial/junit/DialPointerTests.java,DialPointerTests.java,203,81,0.39901477,9,0.044334974
/home/celia/jfreechart/tests/org/jfree/chart/plot/dial/junit/StandardDialScaleTests.java,StandardDialScaleTests.java,291,92,0.3161512,8,0.0395189
/home/celia/jfreechart/tests/org/jfree/chart/plot/dial/junit/AbstractDialLayerTests.java,AbstractDialLayerTests.java,134,66,0.49253732,5,0.098507464
/home/celia/jfreechart/tests/org/jfree/chart/plot/dial/junit/DialTextAnnotationTests.java,DialTextAnnotationTests.java,187,74,0.3957219,6,0.06595365
/home/celia/jfreechart/tests/org/jfree/chart/block/junit/BlockBorderTests.java,BlockBorderTests.java,131,64,0.48854962,5,0.097709924
/home/celia/jfreechart/tests/org/jfree/chart/block/junit/EmptyBlockTests.java,EmptyBlockTests.java,125,61,0.488,5,0.0976
/home/celia/jfreechart/tests/org/jfree/chart/block/junit/LineBorderTests.java,LineBorderTests.java,134,61,0.4552239,5,0.091044776
/home/celia/jfreechart/tests/org/jfree/chart/block/junit/BorderArrangementTests.java,BorderArrangementTests.java,751,203,0.27030626,8,0.033788282
/home/celia/jfreechart/tests/org/jfree/chart/block/junit/ColumnArrangementTests.java,ColumnArrangementTests.java,138,61,0.442029,5,0.0884058
/home/celia/jfreechart/tests/org/jfree/chart/block/junit/BlockContainerTests.java,BlockContainerTests.java,131,61,0.46564886,5,0.09312977
/home/celia/jfreechart/tests/org/jfree/chart/block/junit/GridArrangementTests.java,GridArrangementTests.java,297,107,0.36026937,21,0.017155685
/home/celia/jfreechart/tests/org/jfree/chart/block/junit/LabelBlockTests.java,LabelBlockTests.java,164,63,0.38414633,5,0.07682927
/home/celia/jfreechart/tests/org/jfree/chart/block/junit/AbstractBlockTests.java,AbstractBlockTests.java,164,61,0.37195122,5,0.07439025
/home/celia/jfreechart/tests/org/jfree/chart/block/junit/ColorBlockTests.java,ColorBlockTests.java,143,62,0.43356642,5,0.086713284
/home/celia/jfreechart/tests/org/jfree/chart/block/junit/RectangleConstraintTests.java,RectangleConstraintTests.java,141,64,0.4539007,3,0.15130024
/home/celia/jfreechart/tests/org/jfree/chart/block/junit/BlockPackageTests.java,BlockPackageTests.java,92,64,0.6956522,3,0.23188406
/home/celia/jfreechart/tests/org/jfree/chart/block/junit/FlowArrangementTests.java,FlowArrangementTests.java,137,61,0.4452555,5,0.0890511
/home/celia/jfreechart/tests/org/jfree/chart/panel/junit/CrosshairOverlayTests.java,CrosshairOverlayTests.java,129,61,0.4728682,5,0.09457364
/home/celia/jfreechart/tests/org/jfree/chart/needle/junit/ArrowNeedleTests.java,ArrowNeedleTests.java,123,61,0.49593496,5,0.099186994
/home/celia/jfreechart/tests/org/jfree/chart/needle/junit/LongNeedleTests.java,LongNeedleTests.java,119,61,0.5126051,5,0.10252102
/home/celia/jfreechart/tests/org/jfree/chart/needle/junit/WindNeedleTests.java,WindNeedleTests.java,119,61,0.5126051,5,0.10252102
/home/celia/jfreechart/tests/org/jfree/chart/needle/junit/ShipNeedleTests.java,ShipNeedleTests.java,119,61,0.5126051,5,0.10252102
/home/celia/jfreechart/tests/org/jfree/chart/needle/junit/PinNeedleTests.java,PinNeedleTests.java,119,61,0.5126051,5,0.10252102
/home/celia/jfreechart/tests/org/jfree/chart/needle/junit/PointerNeedleTests.java,PointerNeedleTests.java,119,61,0.5126051,5,0.10252102
/home/celia/jfreechart/tests/org/jfree/chart/needle/junit/LineNeedleTests.java,LineNeedleTests.java,119,61,0.5126051,5,0.10252102
/home/celia/jfreechart/tests/org/jfree/chart/needle/junit/MiddlePinNeedleTests.java,MiddlePinNeedleTests.java,119,61,0.5126051,5,0.10252102
/home/celia/jfreechart/tests/org/jfree/chart/needle/junit/NeedlePackageTests.java,NeedlePackageTests.java,85,59,0.69411767,3,0.23137255
/home/celia/jfreechart/tests/org/jfree/chart/needle/junit/MeterNeedleTests.java,MeterNeedleTests.java,107,55,0.5140187,3,0.17133957
/home/celia/jfreechart/tests/org/jfree/chart/needle/junit/PlumNeedleTests.java,PlumNeedleTests.java,119,61,0.5126051,5,0.10252102
/home/celia/jfreechart/tests/org/jfree/chart/entity/junit/CategoryItemEntityTests.java,CategoryItemEntityTests.java,161,61,0.378882,5,0.0757764
/home/celia/jfreechart/tests/org/jfree/chart/entity/junit/ContourEntityTests.java,ContourEntityTests.java,142,61,0.42957747,5,0.08591549
/home/celia/jfreechart/tests/org/jfree/chart/entity/junit/CategoryLabelEntityTests.java,CategoryLabelEntityTests.java,139,61,0.4388489,5,0.087769784
/home/celia/jfreechart/tests/org/jfree/chart/entity/junit/EntityPackageTests.java,EntityPackageTests.java,85,61,0.7176471,3,0.23921569
/home/celia/jfreechart/tests/org/jfree/chart/entity/junit/PieSectionEntityTests.java,PieSectionEntityTests.java,154,61,0.3961039,5,0.07922078
/home/celia/jfreechart/tests/org/jfree/chart/entity/junit/TickLabelEntityTests.java,TickLabelEntityTests.java,133,61,0.45864663,5,0.09172933
/home/celia/jfreechart/tests/org/jfree/chart/entity/junit/LegendItemEntityTests.java,LegendItemEntityTests.java,147,62,0.4217687,5,0.08435374
/home/celia/jfreechart/tests/org/jfree/chart/entity/junit/XYItemEntityTests.java,XYItemEntityTests.java,142,61,0.42957747,5,0.08591549
/home/celia/jfreechart/tests/org/jfree/chart/entity/junit/StandardEntityCollectionTests.java,StandardEntityCollectionTests.java,142,62,0.43661973,5,0.08732395
/home/celia/jfreechart/LOCMetricsMeasurer.java,LOCMetricsMeasurer.java,123,45,0.36585367,12,0.030487806
